0,2021-03-04 08:08:15.399286,[335, 118, 342, 112, 329, 112, 352, 115, 319, 116, 369, 145, 307, 147, 416, 141, 268, 149, 0, 0, 235, 152, 360, 239, 321, 241, 332, 303, 330, 303, 345, 361, 330, 360],stretch
1,2021-03-04 08:08:15.808926,[337, 117, 344, 111, 331, 112, 353, 115, 321, 116, 370, 145, 308, 147, 419, 139, 269, 146, 0, 0, 233, 150, 361, 239, 321, 241, 335, 303, 331, 302, 348, 361, 330, 361],stretch
2,2021-03-04 08:08:15.959313,[337, 117, 344, 111, 331, 111, 353, 115, 321, 116, 369, 144, 308, 146, 417, 140, 270, 146, 459, 135, 232, 150, 361, 240, 322, 241, 335, 304, 329, 303, 345, 362, 329, 361],stretch
3,2021-03-04 08:08:16.104818,[337, 117, 343, 111, 331, 112, 352, 115, 321, 116, 370, 144, 308, 146, 419, 140, 270, 146, 466, 133, 232, 151, 361, 239, 321, 241, 335, 304, 328, 304, 347, 362, 330, 361],stretch
4,2021-03-04 08:08:16.267860,[336, 117, 343, 111, 330, 112, 352, 115, 321, 116, 369, 144, 308, 147, 419, 139, 269, 147, 0, 0, 234, 152, 360, 240, 321, 241, 352, 304, 328, 304, 363, 361, 330, 361],stretch
5,2021-03-04 08:08:16.442775,[336, 117, 343, 111, 329, 112, 352, 115, 320, 117, 369, 145, 308, 147, 418, 139, 269, 148, 0, 0, 236, 152, 361, 240, 322, 241, 335, 304, 328, 304, 341, 362, 331, 361],stretch
6,2021-03-04 08:08:16.600732,[336, 118, 342, 112, 329, 112, 352, 115, 320, 117, 369, 145, 308, 148, 418, 140, 269, 148, 0, 0, 235, 153, 361, 240, 322, 242, 352, 303, 328, 304, 362, 362, 331, 361],stretch
7,2021-03-04 08:08:16.790010,[336, 118, 342, 112, 329, 112, 351, 115, 320, 117, 369, 145, 308, 148, 415, 139, 269, 149, 467, 134, 235, 154, 361, 239, 323, 241, 354, 303, 327, 303, 363, 361, 330, 362],stretch
8,2021-03-04 08:08:16.962026,[335, 118, 341, 112, 328, 112, 351, 115, 319, 117, 369, 145, 307, 148, 415, 140, 268, 149, 0, 0, 233, 154, 361, 240, 323, 242, 352, 303, 328, 303, 362, 362, 331, 362],stretch
9,2021-03-04 08:08:17.103763,[334, 117, 341, 112, 328, 112, 351, 115, 319, 116, 369, 145, 307, 148, 417, 140, 266, 149, 0, 0, 231, 155, 361, 240, 323, 242, 357, 303, 326, 305, 364, 361, 330, 361],stretch
10,2021-03-04 08:08:17.267408,[334, 118, 341, 112, 327, 112, 350, 115, 318, 116, 368, 145, 306, 147, 416, 142, 265, 148, 0, 0, 228, 154, 362, 238, 322, 240, 354, 303, 327, 305, 363, 361, 330, 361],stretch
11,2021-03-04 08:08:17.428511,[334, 117, 340, 111, 327, 111, 348, 116, 316, 116, 365, 146, 305, 145, 405, 144, 262, 145, 455, 138, 225, 148, 361, 237, 323, 241, 369, 302, 325, 304, 364, 362, 327, 361],stretch
12,2021-03-04 08:08:17.577068,[334, 117, 340, 111, 327, 111, 347, 116, 315, 117, 360, 147, 303, 146, 403, 150, 262, 143, 442, 142, 224, 145, 359, 240, 322, 242, 358, 305, 325, 304, 364, 362, 326, 361],stretch
13,2021-03-04 08:08:17.744439,[335, 117, 341, 111, 328, 111, 346, 116, 315, 117, 352, 149, 303, 143, 386, 154, 271, 140, 404, 158, 240, 138, 359, 238, 323, 241, 330, 305, 334, 305, 340, 361, 327, 361],stretch
14,2021-03-04 08:08:17.895713,[335, 117, 341, 112, 329, 112, 346, 117, 315, 116, 348, 150, 303, 142, 368, 162, 271, 134, 387, 167, 253, 131, 359, 238, 323, 240, 329, 306, 330, 306, 349, 360, 326, 360],stretch
15,2021-03-04 08:08:18.036282,[337, 117, 342, 112, 330, 111, 347, 118, 316, 116, 349, 151, 303, 141, 365, 167, 272, 133, 379, 166, 257, 130, 358, 239, 324, 241, 329, 305, 343, 305, 343, 361, 346, 360],stretch
16,2021-03-04 08:08:18.200376,[338, 116, 343, 111, 331, 110, 347, 117, 316, 115, 349, 151, 304, 141, 365, 167, 273, 132, 382, 167, 257, 128, 357, 239, 323, 240, 330, 305, 342, 305, 347, 361, 325, 360],stretch
17,2021-03-04 08:08:18.361584,[339, 116, 343, 111, 332, 110, 347, 116, 317, 116, 348, 149, 303, 141, 366, 164, 272, 133, 386, 167, 255, 130, 358, 240, 323, 242, 333, 305, 329, 305, 363, 360, 325, 360],stretch
18,2021-03-04 08:08:18.533363,[338, 116, 343, 110, 331, 110, 347, 116, 317, 116, 350, 149, 304, 143, 376, 159, 273, 133, 396, 162, 250, 133, 358, 241, 322, 242, 334, 305, 326, 305, 363, 359, 325, 360],stretch
19,2021-03-04 08:08:18.700391,[338, 118, 344, 111, 332, 110, 349, 115, 319, 116, 360, 147, 305, 143, 398, 151, 264, 140, 431, 150, 230, 140, 359, 238, 324, 241, 367, 301, 327, 304, 363, 361, 326, 361],stretch
20,2021-03-04 08:08:18.861769,[341, 118, 346, 111, 333, 111, 352, 115, 322, 116, 365, 145, 307, 143, 407, 147, 264, 141, 445, 142, 222, 145, 362, 237, 327, 241, 368, 302, 328, 303, 363, 362, 327, 362],stretch
21,2021-03-04 08:08:19.004520,[343, 117, 348, 112, 335, 110, 355, 116, 325, 116, 370, 146, 310, 144, 414, 145, 271, 145, 456, 137, 230, 147, 364, 237, 327, 240, 368, 302, 329, 304, 364, 361, 328, 361],stretch
22,2021-03-04 08:08:19.166555,[345, 117, 351, 111, 338, 110, 360, 115, 328, 115, 377, 145, 316, 143, 424, 144, 276, 146, 0, 0, 237, 149, 366, 238, 330, 240, 368, 303, 328, 305, 364, 361, 329, 361],stretch
23,2021-03-04 08:08:19.339850,[345, 116, 352, 110, 338, 110, 361, 114, 329, 116, 380, 144, 317, 144, 427, 145, 278, 147, 0, 0, 241, 150, 365, 238, 332, 240, 369, 304, 326, 303, 364, 360, 322, 359],stretch
24,2021-03-04 08:08:19.498837,[342, 118, 350, 112, 337, 112, 358, 115, 327, 116, 376, 146, 315, 146, 421, 144, 276, 149, 0, 0, 235, 155, 365, 239, 329, 242, 369, 303, 324, 304, 332, 366, 318, 363],stretch
25,2021-03-04 08:08:19.637652,[338, 118, 344, 112, 331, 112, 354, 115, 323, 116, 371, 146, 312, 147, 418, 143, 274, 150, 463, 141, 236, 156, 362, 240, 323, 241, 367, 302, 319, 303, 363, 362, 317, 363],stretch
26,2021-03-04 08:08:19.794840,[331, 117, 339, 111, 325, 111, 349, 115, 317, 116, 368, 144, 309, 148, 413, 142, 277, 153, 466, 138, 239, 161, 356, 242, 319, 242, 361, 303, 315, 303, 339, 366, 315, 363],stretch
27,2021-03-04 08:08:19.935388,[327, 118, 335, 112, 321, 112, 346, 115, 314, 118, 363, 145, 307, 150, 404, 138, 270, 162, 0, 0, 255, 165, 351, 243, 316, 243, 358, 302, 313, 305, 345, 366, 315, 362],stretch
28,2021-03-04 08:08:20.101309,[321, 119, 328, 112, 315, 114, 342, 116, 310, 120, 356, 144, 311, 153, 395, 129, 294, 169, 430, 121, 285, 173, 350, 240, 316, 240, 356, 302, 313, 305, 340, 366, 315, 362],stretch
29,2021-03-04 08:08:20.284703,[318, 120, 325, 113, 312, 115, 339, 115, 307, 120, 353, 143, 318, 151, 377, 130, 0, 0, 398, 120, 396, 120, 351, 238, 316, 239, 353, 300, 314, 304, 339, 366, 316, 361],stretch
30,2021-03-04 08:08:20.467825,[317, 119, 323, 114, 311, 115, 337, 119, 306, 121, 347, 143, 321, 152, 374, 128, 0, 0, 382, 118, 381, 117, 351, 236, 317, 238, 349, 300, 314, 303, 331, 366, 316, 361],stretch
31,2021-03-04 08:08:20.635201,[316, 120, 323, 114, 310, 115, 336, 119, 305, 121, 346, 143, 320, 152, 373, 129, 0, 0, 380, 121, 378, 119, 351, 236, 317, 237, 353, 299, 313, 303, 333, 365, 316, 360],stretch
32,2021-03-04 08:08:20.795416,[316, 120, 322, 114, 309, 116, 336, 118, 305, 120, 349, 143, 315, 153, 375, 131, 0, 0, 390, 121, 389, 120, 350, 237, 315, 240, 354, 301, 313, 304, 336, 366, 315, 360],stretch
33,2021-03-04 08:08:20.938660,[313, 120, 321, 113, 307, 115, 335, 116, 303, 120, 352, 144, 306, 152, 376, 131, 287, 162, 401, 121, 279, 165, 348, 239, 313, 242, 354, 301, 312, 304, 340, 365, 315, 360],stretch
34,2021-03-04 08:08:21.100750,[312, 119, 319, 113, 306, 113, 334, 117, 300, 119, 352, 145, 298, 151, 388, 133, 269, 157, 427, 121, 250, 161, 344, 242, 309, 244, 353, 300, 310, 305, 346, 364, 315, 361],stretch
35,2021-03-04 08:08:21.282652,[311, 120, 319, 113, 306, 113, 332, 117, 299, 118, 351, 144, 292, 149, 393, 140, 260, 153, 441, 134, 230, 159, 343, 242, 308, 243, 353, 300, 310, 304, 348, 364, 314, 360],stretch
36,2021-03-04 08:08:21.436675,[312, 119, 319, 113, 307, 114, 332, 117, 300, 118, 352, 145, 292, 149, 397, 146, 254, 153, 0, 0, 218, 157, 344, 241, 306, 243, 354, 300, 310, 305, 344, 364, 314, 361],stretch
37,2021-03-04 08:08:21.600753,[316, 119, 323, 113, 310, 113, 334, 118, 301, 117, 351, 146, 292, 150, 394, 146, 251, 154, 0, 0, 214, 160, 346, 240, 307, 243, 344, 302, 312, 304, 361, 360, 313, 361],stretch
38,2021-03-04 08:08:21.762175,[315, 118, 323, 113, 310, 113, 333, 118, 300, 117, 351, 146, 291, 150, 393, 145, 252, 153, 439, 140, 213, 160, 345, 240, 307, 242, 355, 300, 310, 305, 344, 365, 313, 362],stretch
39,2021-03-04 08:08:21.905406,[311, 118, 318, 113, 305, 113, 329, 118, 297, 118, 347, 146, 288, 150, 391, 147, 249, 153, 441, 138, 211, 160, 339, 239, 304, 242, 354, 300, 307, 304, 359, 358, 313, 361],stretch
40,2021-03-04 08:08:22.088507,[309, 119, 316, 113, 303, 113, 326, 117, 295, 118, 342, 146, 284, 149, 385, 146, 243, 153, 431, 144, 202, 160, 338, 239, 302, 241, 327, 299, 325, 302, 327, 361, 314, 363],stretch
41,2021-03-04 08:08:22.263163,[310, 118, 316, 113, 304, 113, 327, 117, 295, 119, 345, 146, 286, 149, 389, 148, 246, 154, 439, 142, 204, 161, 336, 239, 302, 242, 338, 300, 307, 305, 333, 360, 313, 361],stretch
42,2021-03-04 08:08:22.403093,[314, 120, 320, 114, 308, 114, 329, 118, 299, 119, 348, 147, 288, 150, 388, 148, 248, 153, 430, 147, 206, 161, 338, 241, 302, 244, 340, 301, 303, 304, 332, 359, 314, 359],stretch
43,2021-03-04 08:08:22.569443,[316, 120, 322, 114, 309, 115, 329, 118, 299, 119, 346, 147, 286, 150, 386, 151, 243, 153, 426, 149, 205, 157, 336, 240, 301, 243, 341, 304, 295, 307, 335, 361, 319, 363],stretch
44,2021-03-04 08:08:22.728629,[313, 120, 319, 114, 306, 113, 326, 120, 295, 119, 340, 150, 281, 148, 377, 152, 244, 149, 406, 154, 207, 150, 333, 239, 297, 242, 341, 304, 289, 307, 335, 362, 285, 364],stretch
45,2021-03-04 08:08:22.882736,[311, 121, 317, 115, 305, 114, 323, 119, 293, 118, 333, 150, 279, 147, 368, 158, 244, 145, 390, 162, 208, 146, 330, 242, 293, 245, 339, 303, 286, 308, 334, 362, 284, 364],stretch
46,2021-03-04 08:08:23.068186,[310, 121, 316, 115, 303, 114, 320, 121, 291, 119, 323, 154, 275, 145, 353, 165, 240, 138, 372, 170, 220, 139, 327, 243, 290, 244, 337, 304, 285, 309, 333, 361, 284, 364],stretch
47,2021-03-04 08:08:23.229077,[311, 121, 316, 116, 304, 115, 319, 122, 289, 120, 317, 155, 278, 143, 333, 174, 245, 136, 347, 174, 232, 132, 325, 240, 291, 243, 337, 304, 286, 309, 333, 361, 283, 364],stretch
48,2021-03-04 08:08:23.369528,[311, 121, 316, 116, 304, 115, 319, 121, 288, 120, 313, 152, 279, 141, 0, 0, 247, 133, 0, 0, 248, 131, 325, 241, 293, 243, 308, 309, 287, 308, 333, 360, 283, 364],stretch
49,2021-03-04 08:08:23.533265,[311, 122, 316, 116, 303, 116, 319, 122, 289, 120, 314, 149, 283, 144, 0, 0, 257, 132, 0, 0, 261, 132, 324, 240, 293, 241, 299, 307, 286, 308, 281, 364, 283, 364],stretch
50,2021-03-04 08:08:23.717039,[311, 123, 316, 117, 304, 117, 318, 122, 288, 121, 311, 147, 284, 143, 0, 0, 264, 133, 0, 0, 266, 133, 323, 239, 294, 241, 298, 308, 286, 307, 282, 364, 283, 364],stretch
51,2021-03-04 08:08:23.869080,[311, 123, 315, 117, 303, 116, 317, 121, 287, 121, 312, 146, 281, 144, 0, 0, 262, 133, 0, 0, 261, 132, 324, 241, 293, 242, 286, 308, 286, 308, 293, 367, 283, 363],stretch
52,2021-03-04 08:08:24.033111,[310, 123, 315, 118, 303, 117, 317, 122, 286, 120, 313, 153, 279, 142, 0, 0, 249, 133, 0, 0, 255, 129, 324, 241, 292, 244, 286, 308, 285, 309, 296, 366, 283, 363],stretch
53,2021-03-04 08:08:24.196343,[310, 122, 315, 117, 304, 115, 318, 123, 288, 120, 318, 155, 275, 143, 332, 171, 241, 135, 350, 173, 234, 132, 325, 244, 291, 246, 337, 304, 286, 309, 333, 358, 283, 364],stretch
54,2021-03-04 08:08:24.337610,[309, 121, 315, 115, 303, 114, 319, 121, 290, 119, 321, 153, 274, 146, 347, 167, 238, 137, 365, 168, 221, 137, 326, 244, 291, 246, 338, 303, 286, 309, 333, 360, 283, 364],stretch
55,2021-03-04 08:08:24.517526,[309, 120, 315, 114, 302, 113, 322, 120, 291, 118, 328, 151, 277, 146, 363, 161, 240, 142, 379, 166, 214, 143, 327, 244, 292, 246, 338, 304, 286, 309, 334, 360, 284, 364],stretch
56,2021-03-04 08:08:24.664593,[310, 121, 317, 114, 304, 114, 323, 119, 293, 119, 332, 150, 279, 147, 369, 159, 245, 145, 387, 162, 208, 146, 329, 243, 294, 245, 338, 304, 287, 308, 333, 361, 285, 364],stretch
57,2021-03-04 08:08:24.803193,[312, 120, 319, 114, 306, 113, 326, 119, 295, 118, 337, 150, 282, 147, 372, 155, 246, 146, 395, 159, 209, 149, 332, 241, 296, 244, 339, 305, 289, 307, 334, 361, 284, 364],stretch
58,2021-03-04 08:08:24.966631,[316, 120, 322, 114, 309, 113, 329, 118, 299, 119, 345, 149, 287, 148, 382, 153, 245, 149, 408, 155, 208, 153, 334, 241, 300, 244, 340, 304, 291, 308, 335, 361, 285, 365],stretch
59,2021-03-04 08:08:25.127921,[319, 120, 326, 113, 312, 114, 335, 117, 302, 118, 351, 148, 292, 148, 394, 153, 252, 150, 436, 150, 214, 155, 339, 242, 302, 242, 341, 302, 295, 306, 336, 361, 287, 365],stretch
60,2021-03-04 08:08:25.274681,[320, 120, 327, 113, 314, 114, 336, 116, 304, 119, 353, 147, 295, 147, 400, 152, 252, 153, 443, 146, 213, 159, 343, 241, 305, 241, 342, 303, 300, 305, 336, 361, 299, 363],stretch
61,2021-03-04 08:08:25.437190,[319, 120, 326, 113, 313, 114, 336, 117, 303, 118, 353, 147, 294, 147, 396, 149, 255, 152, 441, 147, 213, 160, 342, 240, 307, 241, 340, 300, 334, 302, 335, 358, 317, 358],stretch
62,2021-03-04 08:08:25.594292,[316, 119, 323, 113, 310, 113, 332, 117, 301, 117, 351, 147, 291, 149, 398, 151, 251, 155, 443, 147, 212, 162, 341, 242, 305, 244, 321, 300, 313, 300, 332, 360, 317, 361],stretch
63,2021-03-04 08:08:25.735675,[315, 120, 322, 114, 309, 113, 331, 118, 300, 119, 350, 145, 290, 149, 395, 151, 253, 155, 437, 150, 211, 163, 340, 242, 304, 244, 346, 301, 307, 303, 341, 358, 312, 359],stretch
64,2021-03-04 08:08:25.900180,[318, 120, 325, 114, 312, 115, 336, 118, 302, 119, 353, 147, 293, 149, 402, 148, 256, 155, 446, 144, 214, 163, 344, 241, 308, 243, 356, 299, 309, 303, 333, 364, 315, 359],stretch
65,2021-03-04 08:08:26.060939,[323, 120, 330, 114, 317, 114, 341, 117, 308, 120, 361, 146, 300, 150, 410, 146, 263, 156, 0, 0, 220, 166, 349, 240, 312, 243, 359, 301, 312, 303, 363, 358, 316, 360],stretch
66,2021-03-04 08:08:26.217974,[325, 119, 332, 112, 319, 113, 343, 116, 311, 119, 362, 145, 303, 150, 414, 146, 268, 155, 0, 0, 227, 166, 351, 241, 315, 243, 361, 303, 314, 303, 334, 363, 317, 360],stretch
67,2021-03-04 08:08:26.366570,[326, 119, 333, 112, 320, 113, 344, 116, 312, 119, 366, 145, 304, 151, 418, 145, 270, 156, 0, 0, 233, 167, 351, 242, 315, 243, 360, 302, 314, 304, 335, 362, 317, 360],stretch
68,2021-03-04 08:08:26.528120,[326, 119, 333, 113, 320, 114, 344, 115, 313, 119, 365, 144, 304, 152, 411, 144, 273, 159, 464, 140, 240, 171, 352, 242, 316, 243, 359, 301, 314, 304, 363, 357, 318, 359],stretch
69,2021-03-04 08:08:26.668853,[326, 119, 332, 112, 320, 113, 344, 115, 313, 119, 364, 145, 307, 151, 409, 142, 277, 161, 0, 0, 248, 170, 352, 242, 317, 243, 359, 300, 314, 304, 364, 357, 319, 359],stretch
70,2021-03-04 08:08:26.832794,[326, 119, 332, 113, 320, 114, 344, 115, 313, 119, 363, 145, 308, 152, 406, 141, 279, 163, 454, 137, 259, 170, 351, 244, 317, 244, 358, 301, 314, 304, 364, 358, 319, 358],stretch
71,2021-03-04 08:08:27.015006,[325, 119, 332, 112, 319, 114, 345, 115, 313, 120, 361, 145, 310, 152, 401, 139, 289, 162, 440, 135, 271, 172, 351, 242, 317, 241, 357, 300, 314, 303, 363, 358, 320, 358],stretch
72,2021-03-04 08:08:27.170510,[323, 119, 330, 113, 318, 114, 344, 116, 313, 121, 361, 145, 312, 152, 397, 136, 294, 164, 437, 129, 281, 172, 351, 239, 317, 239, 354, 299, 317, 303, 363, 359, 320, 358],stretch
73,2021-03-04 08:08:27.333087,[322, 119, 329, 112, 317, 114, 343, 117, 312, 120, 357, 144, 313, 154, 390, 135, 299, 167, 420, 129, 293, 170, 351, 239, 318, 239, 352, 296, 317, 302, 360, 358, 321, 359],stretch
74,2021-03-04 08:08:27.494264,[321, 121, 329, 114, 316, 115, 343, 117, 312, 120, 355, 144, 316, 153, 387, 133, 310, 170, 413, 127, 302, 169, 351, 239, 318, 239, 352, 297, 315, 302, 361, 358, 331, 359],stretch
75,2021-03-04 08:08:27.665925,[321, 121, 328, 114, 315, 115, 343, 117, 311, 121, 354, 144, 317, 154, 384, 132, 314, 174, 407, 127, 306, 170, 351, 237, 318, 239, 334, 300, 315, 301, 322, 359, 321, 359],stretch
76,2021-03-04 08:08:27.849542,[320, 120, 327, 113, 315, 115, 342, 117, 311, 120, 353, 144, 321, 152, 379, 133, 373, 131, 399, 126, 0, 0, 351, 237, 319, 239, 353, 295, 315, 302, 360, 357, 321, 358],stretch
77,2021-03-04 08:08:27.998184,[320, 120, 327, 113, 315, 114, 343, 117, 311, 120, 353, 144, 321, 152, 379, 133, 374, 130, 399, 127, 0, 0, 352, 237, 319, 239, 352, 294, 315, 301, 360, 358, 321, 359],stretch
78,2021-03-04 08:08:28.166461,[321, 121, 328, 114, 316, 115, 343, 117, 312, 121, 354, 144, 318, 153, 379, 134, 316, 170, 401, 127, 306, 169, 351, 237, 319, 239, 349, 294, 329, 297, 360, 358, 323, 360],stretch
79,2021-03-04 08:08:28.332438,[321, 120, 329, 113, 316, 115, 343, 116, 312, 121, 356, 142, 315, 153, 387, 134, 305, 171, 412, 126, 299, 169, 352, 236, 318, 238, 353, 296, 315, 302, 324, 359, 319, 359],stretch
80,2021-03-04 08:08:28.495685,[322, 120, 329, 113, 316, 114, 343, 117, 312, 120, 358, 143, 312, 154, 391, 134, 294, 167, 419, 128, 288, 171, 351, 238, 318, 240, 334, 301, 315, 302, 323, 359, 320, 359],stretch
81,2021-03-04 08:08:28.646484,[322, 120, 329, 114, 316, 114, 343, 117, 311, 120, 358, 144, 310, 153, 392, 137, 292, 163, 424, 131, 280, 170, 350, 237, 317, 239, 355, 299, 315, 302, 363, 359, 320, 359],stretch
82,2021-03-04 08:08:28.803541,[322, 120, 328, 113, 316, 114, 342, 117, 311, 120, 357, 145, 307, 152, 396, 138, 284, 164, 437, 132, 270, 171, 349, 241, 315, 242, 355, 299, 314, 303, 364, 359, 319, 359],stretch
83,2021-03-04 08:08:28.960655,[322, 120, 328, 112, 315, 114, 341, 116, 309, 120, 356, 144, 305, 152, 397, 139, 281, 162, 441, 136, 262, 168, 348, 240, 315, 242, 355, 299, 314, 303, 364, 357, 319, 358],stretch
84,2021-03-04 08:08:29.101973,[320, 119, 326, 112, 314, 114, 339, 116, 308, 120, 357, 143, 304, 153, 400, 141, 277, 161, 445, 137, 254, 167, 348, 240, 313, 243, 354, 296, 313, 303, 364, 357, 318, 359],stretch
85,2021-03-04 08:08:29.265709,[319, 119, 326, 113, 313, 114, 338, 116, 306, 119, 356, 144, 302, 152, 402, 142, 270, 160, 458, 138, 242, 170, 347, 240, 312, 244, 355, 297, 313, 304, 363, 358, 317, 359],stretch
86,2021-03-04 08:08:29.434218,[317, 120, 324, 114, 311, 114, 337, 118, 303, 119, 355, 144, 299, 152, 403, 143, 269, 158, 454, 140, 233, 168, 347, 241, 312, 244, 355, 298, 313, 303, 363, 358, 316, 360],stretch
87,2021-03-04 08:08:29.625880,[316, 119, 323, 114, 310, 113, 335, 118, 301, 117, 353, 146, 294, 151, 397, 145, 261, 156, 452, 140, 227, 167, 345, 241, 310, 243, 354, 298, 311, 304, 363, 357, 317, 360],stretch
88,2021-03-04 08:08:29.802312,[311, 120, 318, 113, 305, 115, 328, 118, 298, 120, 348, 146, 289, 150, 393, 147, 258, 155, 443, 147, 215, 165, 339, 240, 304, 242, 353, 300, 309, 304, 345, 363, 316, 360],stretch
89,2021-03-04 08:08:29.960591,[308, 122, 315, 115, 302, 116, 325, 120, 294, 121, 344, 148, 286, 152, 395, 149, 251, 155, 0, 0, 208, 164, 335, 238, 302, 242, 348, 300, 306, 304, 352, 357, 315, 360],stretch
90,2021-03-04 08:08:30.103997,[307, 121, 314, 114, 301, 115, 324, 120, 293, 121, 342, 148, 285, 152, 391, 150, 251, 155, 442, 145, 206, 164, 335, 240, 302, 242, 340, 300, 306, 304, 336, 359, 314, 359],stretch
91,2021-03-04 08:08:30.265177,[308, 122, 315, 115, 302, 116, 326, 119, 295, 121, 345, 146, 286, 151, 396, 149, 252, 155, 0, 0, 207, 164, 335, 241, 302, 243, 326, 302, 308, 304, 331, 361, 319, 361],stretch
92,2021-03-04 08:08:30.432591,[311, 120, 318, 114, 305, 115, 328, 118, 297, 120, 348, 147, 287, 150, 395, 149, 253, 156, 0, 0, 211, 163, 337, 240, 304, 244, 330, 297, 318, 299, 329, 360, 325, 361],stretch
93,2021-03-04 08:08:30.623262,[315, 121, 322, 114, 309, 115, 332, 119, 300, 120, 351, 146, 290, 150, 395, 147, 256, 155, 444, 147, 216, 163, 340, 243, 306, 244, 317, 299, 318, 299, 333, 359, 317, 359],stretch
94,2021-03-04 08:08:30.820319,[318, 121, 325, 115, 311, 115, 334, 118, 302, 120, 353, 146, 292, 150, 402, 147, 257, 155, 0, 0, 215, 164, 343, 242, 305, 244, 345, 301, 301, 304, 318, 361, 300, 359],stretch
95,2021-03-04 08:08:30.993460,[316, 121, 323, 115, 310, 115, 332, 120, 300, 120, 350, 147, 289, 151, 397, 152, 253, 156, 441, 148, 213, 165, 341, 242, 303, 243, 328, 304, 295, 305, 337, 362, 288, 362],stretch
96,2021-03-04 08:08:31.134910,[314, 121, 320, 115, 307, 116, 328, 120, 298, 121, 347, 148, 286, 151, 389, 153, 251, 156, 431, 154, 205, 165, 338, 242, 301, 244, 329, 304, 294, 305, 336, 361, 288, 362],stretch
97,2021-03-04 08:08:31.298794,[311, 121, 317, 115, 304, 116, 326, 119, 295, 121, 343, 149, 283, 151, 385, 153, 242, 155, 421, 154, 201, 163, 335, 241, 299, 245, 327, 305, 293, 306, 336, 361, 289, 362],stretch
98,2021-03-04 08:08:31.460276,[310, 121, 315, 115, 303, 114, 324, 119, 293, 119, 340, 150, 279, 150, 381, 154, 239, 155, 412, 155, 199, 162, 334, 241, 297, 245, 340, 305, 292, 306, 337, 361, 289, 363],stretch
99,2021-03-04 08:08:31.601052,[309, 121, 315, 115, 303, 114, 323, 119, 292, 119, 337, 150, 279, 150, 376, 156, 240, 154, 404, 159, 199, 160, 334, 242, 296, 245, 340, 304, 292, 306, 336, 361, 289, 362],stretch
100,2021-03-04 08:08:31.788417,[309, 121, 314, 115, 302, 115, 322, 119, 291, 119, 335, 150, 278, 150, 372, 157, 236, 155, 399, 160, 198, 160, 332, 242, 295, 245, 339, 305, 291, 307, 336, 361, 289, 363],stretch
101,2021-03-04 08:08:31.960052,[308, 122, 314, 116, 301, 116, 319, 120, 289, 120, 332, 149, 277, 151, 365, 156, 234, 153, 390, 162, 198, 159, 331, 243, 295, 247, 340, 306, 291, 308, 336, 361, 289, 363],stretch
102,2021-03-04 08:08:32.100234,[308, 122, 314, 116, 301, 115, 319, 121, 289, 120, 330, 150, 276, 150, 363, 158, 240, 151, 387, 163, 208, 155, 330, 243, 294, 246, 329, 308, 291, 309, 336, 360, 289, 364],stretch
103,2021-03-04 08:08:32.265119,[308, 121, 313, 115, 302, 114, 317, 121, 288, 119, 325, 150, 276, 149, 357, 158, 240, 150, 382, 164, 211, 152, 329, 244, 293, 247, 339, 306, 290, 310, 335, 360, 288, 364],stretch
104,2021-03-04 08:08:32.426882,[307, 121, 313, 115, 300, 115, 316, 121, 287, 119, 323, 151, 275, 148, 358, 162, 245, 148, 377, 168, 214, 150, 328, 245, 294, 247, 325, 308, 290, 310, 335, 360, 288, 364],stretch
105,2021-03-04 08:08:32.577470,[308, 122, 313, 117, 302, 114, 316, 121, 287, 119, 322, 153, 274, 148, 355, 163, 247, 147, 372, 169, 221, 149, 328, 244, 293, 247, 339, 304, 290, 310, 335, 359, 288, 363],stretch
106,2021-03-04 08:08:32.736809,[308, 122, 313, 117, 302, 114, 315, 122, 287, 120, 318, 151, 274, 147, 343, 164, 243, 147, 365, 168, 221, 147, 327, 244, 293, 246, 338, 304, 290, 310, 335, 359, 288, 364],stretch
107,2021-03-04 08:08:32.893231,[308, 121, 313, 116, 303, 114, 314, 121, 286, 120, 317, 151, 273, 147, 341, 165, 244, 147, 360, 169, 222, 146, 327, 244, 292, 246, 338, 304, 289, 310, 335, 358, 288, 363],stretch
108,2021-03-04 08:08:33.035564,[308, 121, 312, 115, 302, 113, 314, 121, 286, 120, 317, 152, 272, 147, 338, 166, 238, 145, 358, 169, 221, 143, 326, 243, 292, 245, 338, 304, 289, 309, 335, 358, 288, 364],stretch
109,2021-03-04 08:08:33.198268,[308, 121, 312, 115, 302, 113, 315, 121, 286, 121, 318, 152, 272, 147, 342, 166, 239, 146, 362, 169, 221, 144, 327, 244, 293, 246, 338, 304, 289, 309, 335, 359, 288, 363],stretch
110,2021-03-04 08:08:33.370267,[309, 122, 314, 117, 303, 114, 316, 122, 288, 119, 321, 152, 274, 147, 349, 163, 243, 147, 368, 168, 221, 147, 326, 245, 292, 247, 338, 305, 289, 309, 335, 359, 288, 363],stretch
111,2021-03-04 08:08:33.534522,[309, 122, 314, 116, 303, 115, 319, 120, 290, 119, 326, 151, 277, 146, 362, 161, 245, 147, 380, 168, 217, 148, 328, 244, 294, 247, 328, 307, 290, 309, 335, 360, 288, 363],stretch
112,2021-03-04 08:08:33.697529,[313, 122, 318, 116, 306, 115, 323, 120, 293, 120, 332, 150, 281, 146, 367, 160, 250, 146, 386, 165, 217, 149, 331, 242, 297, 246, 340, 306, 291, 309, 336, 361, 288, 364],stretch
113,2021-03-04 08:08:33.858892,[317, 122, 322, 116, 310, 116, 328, 119, 297, 120, 341, 150, 285, 147, 379, 158, 248, 149, 401, 162, 213, 152, 335, 242, 301, 244, 341, 303, 294, 306, 335, 360, 287, 364],stretch
114,2021-03-04 08:08:33.999483,[318, 120, 324, 114, 311, 114, 332, 118, 300, 120, 347, 148, 290, 149, 381, 155, 253, 149, 406, 159, 213, 154, 339, 242, 304, 243, 342, 301, 297, 305, 335, 359, 288, 364],stretch
115,2021-03-04 08:08:34.166330,[321, 121, 327, 114, 314, 115, 336, 118, 304, 121, 352, 149, 294, 149, 390, 153, 251, 153, 419, 156, 214, 158, 342, 241, 307, 242, 345, 299, 302, 302, 326, 363, 297, 363],stretch
116,2021-03-04 08:08:34.331158,[322, 122, 328, 115, 314, 116, 337, 117, 305, 120, 353, 148, 295, 148, 395, 153, 256, 153, 431, 155, 214, 160, 345, 241, 310, 242, 345, 300, 310, 301, 335, 358, 315, 359],stretch
117,2021-03-04 08:08:34.468122,[324, 123, 330, 116, 317, 117, 335, 119, 303, 121, 351, 147, 293, 150, 395, 153, 256, 154, 434, 152, 213, 163, 343, 242, 307, 244, 342, 301, 331, 302, 337, 358, 317, 359],stretch
118,2021-03-04 08:08:34.631610,[326, 122, 331, 116, 319, 116, 334, 120, 303, 121, 348, 146, 290, 150, 394, 151, 252, 156, 440, 148, 212, 165, 341, 243, 305, 246, 324, 299, 338, 300, 333, 360, 321, 360],stretch
119,2021-03-04 08:08:34.794000,[321, 122, 327, 116, 314, 115, 332, 119, 300, 120, 349, 145, 290, 151, 396, 149, 252, 157, 0, 0, 210, 168, 341, 241, 305, 245, 349, 296, 309, 302, 347, 357, 315, 359],stretch
120,2021-03-04 08:08:34.963068,[320, 123, 326, 116, 313, 117, 334, 121, 302, 122, 352, 147, 292, 153, 394, 146, 255, 160, 441, 136, 219, 170, 345, 239, 309, 243, 360, 298, 311, 302, 369, 357, 317, 360],stretch
121,2021-03-04 08:08:35.158831,[322, 122, 328, 115, 315, 117, 338, 118, 305, 122, 357, 145, 299, 154, 402, 141, 261, 164, 449, 137, 225, 178, 351, 237, 315, 241, 364, 300, 314, 302, 368, 357, 319, 359],stretch
122,2021-03-04 08:08:35.327530,[325, 122, 330, 114, 318, 117, 340, 118, 309, 123, 362, 146, 303, 155, 405, 138, 268, 167, 0, 0, 231, 183, 356, 238, 319, 242, 367, 298, 318, 301, 369, 357, 320, 360],stretch
123,2021-03-04 08:08:35.498117,[326, 121, 332, 114, 319, 117, 342, 117, 311, 123, 366, 145, 304, 154, 409, 134, 269, 170, 0, 0, 234, 186, 358, 240, 320, 243, 367, 299, 318, 303, 369, 357, 320, 360],stretch
124,2021-03-04 08:08:35.665334,[325, 122, 330, 114, 318, 117, 341, 118, 310, 124, 364, 144, 304, 156, 403, 131, 275, 174, 454, 118, 238, 191, 359, 240, 321, 243, 368, 300, 318, 304, 370, 358, 320, 360],stretch
125,2021-03-04 08:08:35.826609,[322, 123, 327, 114, 315, 118, 339, 117, 308, 125, 362, 142, 305, 159, 403, 126, 280, 176, 453, 107, 243, 195, 360, 239, 323, 244, 368, 302, 319, 304, 370, 359, 321, 360],stretch
126,2021-03-04 08:08:36.025624,[321, 125, 327, 116, 313, 119, 338, 117, 307, 126, 360, 142, 305, 160, 400, 124, 282, 177, 452, 105, 248, 196, 359, 239, 323, 244, 368, 301, 319, 304, 370, 358, 321, 360],stretch
127,2021-03-04 08:08:36.198243,[321, 124, 327, 115, 313, 119, 339, 117, 307, 125, 360, 141, 306, 161, 398, 123, 284, 178, 445, 104, 252, 196, 359, 241, 323, 244, 368, 301, 319, 305, 370, 358, 321, 360],stretch
128,2021-03-04 08:08:36.362719,[321, 124, 324, 114, 314, 119, 339, 117, 308, 125, 360, 141, 308, 159, 397, 124, 286, 178, 442, 105, 254, 194, 358, 240, 322, 243, 367, 301, 319, 305, 370, 359, 321, 360],stretch
129,2021-03-04 08:08:36.530334,[321, 124, 325, 114, 313, 119, 339, 117, 308, 125, 359, 141, 309, 159, 396, 124, 287, 178, 444, 104, 256, 193, 357, 241, 322, 244, 367, 300, 318, 305, 371, 358, 321, 359],stretch
130,2021-03-04 08:08:36.701324,[320, 123, 327, 114, 313, 118, 339, 117, 307, 125, 359, 141, 308, 159, 394, 125, 287, 179, 439, 104, 257, 194, 357, 239, 322, 242, 366, 300, 318, 305, 371, 358, 321, 359],stretch
131,2021-03-04 08:08:36.879039,[319, 123, 326, 114, 313, 118, 339, 117, 307, 124, 358, 141, 311, 158, 393, 124, 292, 178, 433, 103, 266, 193, 357, 238, 322, 242, 365, 298, 317, 305, 370, 359, 321, 359],stretch
132,2021-03-04 08:08:37.065589,[319, 122, 327, 114, 313, 117, 340, 118, 308, 123, 357, 141, 314, 161, 389, 122, 296, 182, 421, 101, 276, 192, 356, 238, 321, 243, 364, 298, 318, 304, 371, 359, 321, 357],stretch
133,2021-03-04 08:08:37.235400,[319, 122, 327, 114, 314, 117, 340, 119, 309, 124, 356, 142, 317, 161, 387, 120, 303, 183, 412, 100, 286, 190, 355, 236, 322, 241, 364, 296, 317, 304, 371, 359, 322, 357],stretch
134,2021-03-04 08:08:37.394712,[319, 122, 326, 114, 313, 118, 340, 118, 309, 124, 355, 141, 318, 160, 388, 117, 305, 187, 407, 97, 292, 190, 355, 235, 321, 240, 365, 298, 317, 304, 371, 357, 321, 358],stretch
135,2021-03-04 08:08:37.563201,[320, 122, 326, 114, 314, 118, 340, 118, 309, 124, 355, 140, 317, 159, 384, 116, 308, 190, 397, 103, 300, 187, 355, 235, 321, 239, 364, 299, 317, 304, 371, 358, 321, 358],stretch
136,2021-03-04 08:08:37.740510,[320, 122, 327, 114, 314, 118, 340, 118, 310, 124, 353, 140, 319, 158, 380, 118, 313, 191, 388, 105, 303, 190, 354, 236, 321, 239, 362, 299, 317, 305, 371, 358, 322, 358],stretch
137,2021-03-04 08:08:37.924720,[320, 122, 327, 114, 314, 118, 339, 119, 310, 124, 350, 141, 325, 155, 371, 125, 358, 127, 381, 109, 379, 108, 354, 236, 321, 238, 362, 298, 318, 304, 371, 359, 321, 358],stretch
138,2021-03-04 08:08:38.066031,[320, 122, 327, 115, 314, 118, 339, 119, 310, 124, 351, 141, 326, 154, 369, 122, 357, 126, 379, 108, 376, 106, 353, 236, 322, 238, 360, 297, 318, 304, 371, 358, 321, 359],stretch
139,2021-03-04 08:08:38.230565,[320, 122, 326, 115, 314, 118, 339, 118, 310, 123, 350, 139, 326, 153, 367, 123, 0, 0, 375, 108, 373, 106, 353, 237, 322, 240, 360, 298, 318, 304, 371, 358, 322, 359],stretch
140,2021-03-04 08:08:38.391222,[319, 122, 326, 116, 314, 118, 339, 118, 310, 123, 349, 139, 327, 152, 367, 122, 0, 0, 375, 108, 373, 106, 353, 236, 323, 240, 360, 298, 317, 304, 371, 357, 322, 358],stretch
141,2021-03-04 08:08:38.540634,[320, 122, 326, 115, 314, 118, 339, 119, 310, 123, 351, 140, 325, 154, 370, 124, 0, 0, 379, 109, 376, 108, 353, 236, 323, 238, 361, 298, 317, 304, 371, 358, 322, 358],stretch
142,2021-03-04 08:08:38.701795,[320, 122, 326, 114, 314, 118, 339, 118, 310, 124, 351, 140, 324, 153, 375, 124, 0, 0, 382, 110, 379, 109, 353, 235, 322, 237, 361, 297, 317, 304, 371, 358, 321, 358],stretch
143,2021-03-04 08:08:38.859029,[320, 122, 327, 114, 314, 117, 340, 118, 310, 123, 352, 142, 319, 158, 377, 125, 312, 191, 384, 112, 302, 186, 354, 237, 321, 239, 362, 298, 317, 304, 372, 358, 322, 358],stretch
144,2021-03-04 08:08:39.000718,[320, 122, 326, 113, 314, 116, 341, 118, 309, 122, 356, 143, 315, 158, 384, 125, 299, 184, 406, 110, 289, 184, 353, 240, 319, 243, 363, 299, 316, 305, 371, 358, 321, 359],stretch
145,2021-03-04 08:08:39.165142,[320, 121, 326, 114, 314, 116, 339, 118, 308, 122, 356, 145, 308, 157, 388, 129, 291, 175, 421, 114, 271, 182, 352, 239, 318, 243, 362, 298, 316, 303, 370, 358, 321, 357],stretch
146,2021-03-04 08:08:39.329066,[319, 122, 326, 115, 312, 117, 339, 118, 306, 122, 356, 145, 304, 155, 391, 132, 280, 170, 437, 119, 256, 181, 351, 239, 316, 245, 363, 299, 315, 302, 369, 358, 320, 358],stretch
147,2021-03-04 08:08:39.497446,[317, 121, 323, 114, 310, 116, 337, 118, 303, 121, 355, 145, 299, 155, 396, 135, 270, 167, 444, 120, 242, 179, 348, 239, 313, 243, 360, 299, 314, 304, 369, 357, 320, 358],stretch
148,2021-03-04 08:08:39.663869,[311, 121, 318, 114, 305, 115, 331, 117, 299, 119, 352, 145, 292, 154, 391, 138, 261, 165, 443, 126, 231, 179, 345, 237, 311, 242, 357, 296, 312, 305, 369, 356, 319, 359],stretch
149,2021-03-04 08:08:39.824988,[306, 122, 312, 114, 300, 115, 326, 118, 294, 121, 345, 145, 289, 152, 387, 141, 256, 161, 433, 136, 225, 174, 340, 239, 306, 242, 354, 298, 310, 304, 366, 357, 318, 359],stretch
150,2021-03-04 08:08:39.996304,[305, 121, 311, 114, 298, 115, 323, 119, 292, 121, 341, 146, 285, 153, 385, 144, 249, 160, 438, 136, 215, 171, 337, 238, 303, 242, 348, 296, 308, 303, 351, 358, 318, 359],stretch
151,2021-03-04 08:08:40.175003,[305, 122, 312, 115, 299, 116, 324, 119, 292, 121, 344, 147, 285, 153, 393, 145, 250, 159, 0, 0, 214, 170, 335, 240, 303, 243, 338, 300, 307, 305, 334, 359, 315, 359],stretch
152,2021-03-04 08:08:40.330497,[308, 121, 314, 114, 302, 116, 327, 118, 295, 121, 347, 146, 287, 152, 390, 147, 251, 160, 437, 147, 214, 171, 336, 240, 304, 242, 338, 298, 313, 301, 335, 357, 318, 358],stretch
153,2021-03-04 08:08:40.501007,[313, 121, 320, 114, 307, 115, 330, 118, 299, 120, 351, 146, 289, 150, 396, 150, 253, 158, 442, 151, 216, 168, 339, 243, 305, 244, 339, 297, 311, 299, 333, 358, 322, 358],stretch
154,2021-03-04 08:08:40.667060,[316, 121, 323, 115, 309, 115, 333, 118, 301, 119, 350, 146, 290, 150, 395, 152, 254, 157, 441, 155, 213, 167, 339, 242, 305, 243, 343, 300, 305, 303, 337, 358, 310, 358],stretch
155,2021-03-04 08:08:40.828533,[314, 121, 321, 116, 308, 116, 330, 119, 299, 120, 348, 148, 289, 150, 388, 155, 253, 156, 426, 160, 208, 164, 339, 242, 302, 242, 343, 302, 294, 304, 336, 360, 288, 362],stretch
156,2021-03-04 08:08:40.980606,[314, 121, 320, 116, 307, 116, 329, 120, 298, 120, 344, 149, 286, 149, 384, 158, 247, 153, 420, 166, 204, 160, 334, 240, 300, 241, 340, 303, 292, 304, 336, 360, 287, 362],stretch
157,2021-03-04 08:08:41.167629,[312, 122, 319, 116, 307, 114, 326, 121, 296, 120, 339, 154, 281, 147, 376, 164, 240, 150, 408, 177, 203, 152, 330, 240, 295, 243, 339, 303, 288, 305, 335, 361, 287, 362],stretch
158,2021-03-04 08:08:41.325711,[313, 123, 319, 117, 307, 115, 325, 122, 295, 120, 335, 155, 280, 146, 367, 169, 241, 144, 399, 181, 203, 147, 329, 241, 293, 243, 338, 303, 287, 306, 334, 359, 287, 362],stretch
159,2021-03-04 08:08:41.467513,[312, 123, 319, 117, 307, 115, 325, 122, 295, 120, 334, 155, 279, 146, 366, 170, 237, 144, 397, 184, 203, 146, 328, 242, 293, 244, 338, 303, 287, 308, 334, 359, 287, 363],stretch
160,2021-03-04 08:08:41.631788,[312, 123, 318, 118, 306, 115, 324, 123, 294, 120, 331, 155, 278, 146, 360, 171, 236, 143, 387, 185, 203, 145, 328, 243, 293, 245, 338, 305, 287, 308, 334, 360, 287, 363],stretch
161,2021-03-04 08:08:41.814022,[311, 123, 318, 118, 305, 115, 323, 123, 293, 120, 328, 155, 277, 146, 355, 172, 235, 142, 386, 185, 204, 143, 328, 245, 292, 246, 338, 304, 287, 308, 333, 359, 286, 363],stretch
162,2021-03-04 08:08:42.003606,[311, 123, 317, 118, 305, 116, 322, 123, 292, 120, 325, 154, 276, 145, 349, 171, 237, 141, 379, 185, 207, 142, 325, 245, 290, 247, 337, 305, 286, 309, 333, 359, 286, 363],stretch
163,2021-03-04 08:08:42.163128,[309, 123, 316, 118, 303, 116, 321, 123, 291, 120, 323, 155, 275, 145, 348, 172, 237, 141, 373, 185, 214, 141, 324, 245, 290, 246, 336, 305, 286, 308, 333, 359, 286, 363],stretch
164,2021-03-04 08:08:42.325714,[310, 123, 316, 118, 304, 115, 319, 123, 289, 120, 323, 157, 274, 145, 345, 175, 241, 139, 368, 184, 220, 139, 323, 245, 289, 246, 335, 304, 286, 308, 333, 359, 285, 363],stretch
165,2021-03-04 08:08:42.465564,[309, 123, 315, 118, 304, 115, 318, 123, 289, 119, 321, 156, 273, 143, 346, 179, 241, 138, 366, 183, 222, 137, 323, 244, 290, 245, 335, 303, 286, 308, 333, 357, 285, 363],stretch
166,2021-03-04 08:08:42.630071,[310, 122, 315, 117, 303, 115, 318, 122, 288, 119, 318, 155, 272, 144, 339, 178, 242, 139, 358, 182, 224, 135, 323, 245, 290, 246, 335, 304, 286, 308, 333, 357, 285, 363],stretch
167,2021-03-04 08:08:42.818124,[310, 122, 315, 117, 304, 114, 318, 122, 288, 120, 318, 156, 273, 144, 337, 178, 244, 139, 355, 182, 225, 135, 323, 246, 290, 247, 335, 304, 286, 308, 333, 358, 285, 363],stretch
168,2021-03-04 08:08:42.996373,[310, 122, 315, 117, 304, 115, 318, 123, 288, 120, 318, 155, 273, 143, 336, 176, 246, 140, 358, 182, 226, 136, 324, 247, 291, 247, 336, 304, 286, 308, 333, 358, 285, 362],stretch
169,2021-03-04 08:08:43.164081,[311, 121, 316, 116, 304, 114, 320, 121, 289, 120, 320, 155, 274, 143, 343, 174, 243, 139, 366, 180, 223, 138, 324, 246, 290, 247, 337, 304, 287, 309, 333, 359, 285, 362],stretch
170,2021-03-04 08:08:43.325564,[312, 120, 317, 114, 305, 114, 322, 120, 292, 119, 327, 155, 276, 145, 356, 173, 240, 140, 377, 179, 220, 140, 327, 245, 294, 247, 338, 304, 287, 308, 333, 359, 285, 362],stretch
171,2021-03-04 08:08:43.466623,[314, 120, 320, 115, 307, 114, 325, 120, 295, 119, 333, 155, 280, 145, 369, 173, 244, 142, 387, 176, 217, 143, 330, 242, 296, 245, 339, 306, 288, 308, 334, 359, 286, 362],stretch
172,2021-03-04 08:08:43.655073,[318, 120, 324, 114, 312, 113, 330, 119, 299, 119, 342, 153, 288, 148, 376, 165, 250, 144, 404, 173, 216, 145, 334, 243, 300, 244, 340, 305, 293, 306, 335, 360, 286, 362],stretch
173,2021-03-04 08:08:43.828067,[325, 121, 331, 115, 318, 114, 337, 118, 306, 120, 349, 149, 294, 147, 385, 160, 253, 151, 415, 165, 218, 154, 342, 241, 306, 241, 343, 305, 302, 304, 335, 359, 295, 360],stretch
174,2021-03-04 08:08:43.999143,[325, 121, 330, 114, 318, 115, 338, 118, 307, 119, 353, 150, 295, 148, 393, 157, 252, 154, 428, 164, 212, 160, 343, 242, 309, 242, 343, 299, 311, 298, 336, 357, 317, 358],stretch
175,2021-03-04 08:08:44.168498,[321, 121, 328, 115, 315, 115, 336, 118, 304, 119, 352, 149, 293, 150, 390, 156, 252, 155, 426, 161, 210, 164, 343, 243, 307, 244, 341, 299, 312, 300, 335, 357, 319, 357],stretch
176,2021-03-04 08:08:44.328323,[318, 120, 324, 114, 310, 114, 332, 119, 301, 120, 349, 148, 290, 151, 388, 155, 249, 157, 426, 162, 208, 166, 342, 244, 304, 246, 344, 300, 309, 303, 336, 358, 318, 359],stretch
177,2021-03-04 08:08:44.526818,[317, 121, 324, 115, 309, 115, 332, 119, 301, 121, 350, 148, 291, 151, 388, 154, 252, 158, 427, 159, 211, 168, 342, 242, 307, 244, 354, 298, 309, 302, 356, 356, 316, 359],stretch
178,2021-03-04 08:08:44.729947,[322, 122, 327, 114, 315, 116, 338, 118, 307, 122, 359, 147, 300, 152, 404, 152, 265, 160, 453, 157, 223, 172, 350, 240, 315, 243, 364, 297, 314, 299, 374, 355, 318, 359],stretch
179,2021-03-04 08:08:44.891833,[326, 121, 331, 114, 319, 116, 343, 116, 312, 122, 367, 144, 305, 152, 413, 147, 270, 163, 0, 0, 234, 176, 358, 242, 320, 245, 370, 299, 317, 303, 375, 355, 320, 359],stretch
180,2021-03-04 08:08:45.032930,[329, 122, 335, 114, 322, 116, 346, 117, 315, 122, 368, 143, 308, 154, 417, 144, 275, 165, 0, 0, 242, 176, 359, 242, 324, 245, 371, 298, 319, 303, 375, 356, 320, 358],stretch
181,2021-03-04 08:08:45.196267,[329, 121, 336, 114, 323, 116, 347, 117, 317, 122, 368, 145, 311, 154, 414, 142, 283, 165, 0, 0, 256, 176, 360, 242, 324, 245, 371, 300, 319, 305, 376, 356, 321, 358],stretch
182,2021-03-04 08:08:45.379977,[329, 121, 335, 114, 322, 116, 348, 118, 317, 122, 368, 146, 315, 154, 411, 142, 291, 167, 455, 135, 270, 176, 360, 243, 323, 245, 370, 300, 319, 306, 376, 355, 321, 359],stretch
183,2021-03-04 08:08:45.567898,[321, 122, 328, 114, 318, 116, 347, 119, 0, 0, 365, 146, 317, 155, 400, 142, 299, 171, 438, 137, 280, 179, 358, 243, 323, 245, 369, 299, 319, 306, 376, 356, 321, 359],stretch
184,2021-03-04 08:08:45.729876,[314, 125, 319, 119, 314, 118, 337, 120, 0, 0, 359, 145, 323, 153, 390, 142, 307, 176, 420, 138, 291, 179, 358, 241, 323, 243, 368, 298, 319, 305, 377, 357, 322, 358],stretch
185,2021-03-04 08:08:45.891891,[313, 125, 316, 119, 0, 0, 329, 122, 337, 121, 352, 145, 328, 151, 388, 142, 311, 178, 414, 137, 302, 175, 355, 241, 325, 243, 366, 295, 320, 305, 367, 356, 322, 359],stretch
186,2021-03-04 08:08:46.061415,[316, 125, 319, 120, 0, 0, 329, 122, 342, 120, 344, 147, 359, 139, 382, 141, 393, 142, 405, 138, 408, 137, 355, 239, 325, 242, 365, 294, 320, 305, 366, 356, 322, 359],stretch
187,2021-03-04 08:08:46.240563,[317, 126, 319, 120, 0, 0, 329, 122, 341, 120, 342, 145, 357, 137, 370, 143, 384, 143, 394, 139, 398, 138, 355, 239, 326, 242, 365, 295, 321, 305, 364, 356, 323, 358],stretch
188,2021-03-04 08:08:46.424536,[312, 125, 315, 119, 0, 0, 329, 120, 0, 0, 347, 143, 349, 140, 372, 145, 381, 144, 392, 140, 395, 139, 355, 239, 324, 242, 365, 295, 321, 305, 363, 355, 323, 358],stretch
189,2021-03-04 08:08:46.594829,[317, 124, 322, 118, 314, 119, 341, 120, 0, 0, 357, 145, 327, 151, 385, 143, 321, 179, 405, 138, 309, 175, 356, 238, 323, 241, 365, 295, 320, 305, 365, 355, 322, 359],stretch
190,2021-03-04 08:08:46.763177,[320, 123, 328, 116, 316, 118, 343, 118, 0, 0, 360, 146, 320, 156, 395, 143, 307, 174, 421, 139, 294, 175, 357, 241, 322, 243, 366, 294, 319, 305, 365, 360, 322, 358],stretch
191,2021-03-04 08:08:46.924813,[321, 123, 327, 115, 315, 117, 342, 117, 311, 122, 360, 144, 312, 155, 401, 143, 293, 171, 441, 137, 275, 178, 355, 242, 319, 243, 366, 296, 317, 305, 376, 356, 321, 357],stretch
192,2021-03-04 08:08:47.119935,[319, 122, 326, 114, 313, 116, 338, 116, 307, 121, 357, 143, 305, 154, 400, 142, 276, 168, 445, 142, 253, 176, 350, 239, 315, 242, 364, 294, 314, 301, 376, 355, 321, 357],stretch
193,2021-03-04 08:08:47.296215,[312, 122, 320, 115, 307, 116, 332, 118, 300, 121, 352, 146, 292, 155, 397, 150, 260, 164, 441, 153, 232, 175, 343, 240, 308, 243, 358, 295, 310, 304, 373, 356, 319, 359],stretch
194,2021-03-04 08:08:47.457689,[308, 122, 314, 116, 302, 117, 327, 118, 296, 121, 347, 147, 288, 153, 391, 152, 253, 162, 435, 156, 223, 174, 339, 240, 305, 242, 348, 298, 309, 304, 353, 357, 317, 359],stretch
195,2021-03-04 08:08:47.627977,[308, 123, 314, 115, 302, 116, 326, 118, 296, 121, 347, 146, 288, 153, 391, 153, 252, 163, 432, 157, 219, 176, 336, 243, 304, 244, 338, 300, 309, 304, 334, 357, 317, 358],stretch
196,2021-03-04 08:08:47.796015,[311, 121, 317, 115, 305, 116, 329, 118, 298, 121, 350, 146, 290, 151, 392, 154, 253, 162, 433, 159, 219, 173, 338, 242, 305, 244, 338, 297, 311, 301, 336, 357, 317, 358],stretch
197,2021-03-04 08:08:47.986875,[314, 122, 321, 116, 308, 116, 331, 119, 300, 120, 350, 147, 290, 152, 389, 155, 252, 160, 429, 162, 216, 170, 341, 243, 303, 245, 342, 301, 300, 304, 332, 357, 308, 358],stretch
198,2021-03-04 08:08:48.161182,[314, 122, 321, 116, 308, 116, 329, 120, 298, 121, 345, 148, 286, 152, 384, 155, 249, 158, 420, 163, 206, 166, 337, 241, 301, 241, 344, 301, 290, 298, 336, 359, 282, 360],stretch
199,2021-03-04 08:08:48.329475,[314, 123, 320, 117, 308, 114, 326, 121, 296, 120, 337, 153, 280, 151, 378, 160, 244, 156, 404, 166, 203, 161, 334, 242, 298, 244, 341, 303, 289, 303, 336, 358, 282, 361],stretch
200,2021-03-04 08:08:48.490862,[315, 122, 319, 117, 309, 115, 323, 121, 294, 121, 332, 152, 279, 151, 368, 164, 241, 154, 394, 171, 212, 158, 331, 241, 297, 244, 340, 303, 289, 306, 335, 358, 283, 361],stretch
201,2021-03-04 08:08:48.660453,[319, 122, 322, 117, 312, 117, 0, 0, 294, 120, 328, 153, 279, 151, 361, 167, 246, 152, 382, 173, 225, 156, 331, 244, 297, 246, 339, 304, 288, 306, 335, 358, 282, 361],stretch
202,2021-03-04 08:08:48.850801,[326, 121, 325, 115, 319, 116, 0, 0, 297, 122, 322, 156, 281, 150, 340, 174, 249, 156, 357, 172, 238, 157, 330, 244, 299, 246, 338, 304, 289, 306, 335, 358, 282, 361],stretch
203,2021-03-04 08:08:49.023086,[327, 121, 325, 115, 320, 115, 0, 0, 300, 123, 314, 151, 287, 147, 0, 0, 260, 155, 0, 0, 260, 155, 329, 243, 299, 243, 338, 303, 289, 304, 335, 357, 282, 360],stretch
204,2021-03-04 08:08:49.168126,[327, 122, 325, 116, 320, 116, 0, 0, 301, 123, 308, 148, 294, 145, 0, 0, 263, 151, 0, 0, 0, 0, 326, 243, 300, 242, 337, 303, 289, 305, 335, 357, 282, 360],stretch
205,2021-03-04 08:08:49.329163,[326, 121, 324, 115, 321, 116, 0, 0, 302, 123, 309, 150, 296, 149, 0, 0, 0, 0, 0, 0, 0, 0, 326, 243, 301, 242, 338, 303, 289, 305, 334, 357, 282, 360],stretch
206,2021-03-04 08:08:49.489791,[326, 121, 325, 115, 320, 116, 0, 0, 301, 124, 306, 149, 296, 149, 0, 0, 0, 0, 0, 0, 0, 0, 326, 241, 298, 242, 338, 303, 288, 305, 334, 357, 281, 360],stretch
207,2021-03-04 08:08:49.669756,[319, 121, 322, 116, 312, 116, 0, 0, 295, 121, 322, 148, 289, 144, 0, 0, 257, 148, 0, 0, 273, 143, 329, 243, 298, 244, 339, 303, 288, 305, 334, 357, 282, 360],stretch
208,2021-03-04 08:08:49.833048,[318, 121, 322, 116, 310, 115, 327, 121, 296, 119, 330, 157, 285, 146, 349, 178, 250, 149, 352, 173, 242, 149, 332, 244, 300, 245, 340, 305, 289, 306, 335, 357, 281, 360],stretch
209,2021-03-04 08:08:49.989953,[320, 121, 326, 115, 314, 114, 332, 120, 300, 120, 340, 153, 290, 149, 377, 167, 265, 150, 399, 165, 234, 152, 338, 244, 303, 245, 342, 303, 293, 305, 336, 358, 284, 360],stretch
210,2021-03-04 08:08:50.131836,[323, 121, 328, 115, 316, 115, 335, 119, 303, 119, 346, 149, 293, 149, 380, 160, 260, 152, 400, 165, 229, 156, 341, 244, 306, 243, 343, 304, 300, 305, 336, 359, 293, 357],stretch
211,2021-03-04 08:08:50.292402,[321, 120, 328, 114, 315, 114, 336, 117, 304, 118, 349, 148, 293, 148, 384, 155, 255, 153, 407, 162, 216, 159, 340, 244, 307, 244, 342, 301, 312, 300, 337, 356, 320, 357],stretch
212,2021-03-04 08:08:50.455429,[317, 120, 324, 114, 311, 114, 332, 118, 301, 118, 345, 148, 289, 149, 381, 155, 245, 154, 411, 163, 206, 160, 340, 242, 305, 244, 319, 301, 317, 300, 335, 357, 327, 357],stretch
213,2021-03-04 08:08:50.624597,[314, 121, 321, 115, 308, 115, 329, 119, 299, 120, 344, 147, 287, 149, 381, 156, 245, 154, 414, 163, 205, 159, 338, 238, 304, 242, 352, 295, 308, 300, 357, 354, 317, 359],stretch
214,2021-03-04 08:08:50.762220,[314, 121, 321, 115, 308, 116, 331, 119, 300, 120, 347, 148, 289, 149, 385, 155, 250, 154, 419, 163, 209, 162, 340, 239, 306, 242, 357, 294, 309, 300, 370, 355, 318, 360],stretch
215,2021-03-04 08:08:50.920841,[317, 121, 323, 114, 311, 116, 336, 118, 302, 120, 354, 149, 295, 153, 396, 154, 257, 159, 432, 162, 217, 169, 346, 240, 312, 243, 360, 298, 312, 301, 370, 356, 318, 359],stretch
216,2021-03-04 08:08:51.060179,[320, 122, 327, 114, 313, 116, 339, 116, 307, 121, 359, 146, 302, 153, 400, 152, 264, 161, 439, 158, 227, 172, 350, 240, 315, 242, 362, 299, 314, 301, 371, 357, 319, 358],stretch
217,2021-03-04 08:08:51.225289,[321, 122, 327, 114, 315, 116, 342, 117, 311, 120, 363, 146, 305, 153, 406, 151, 269, 164, 450, 157, 236, 175, 353, 243, 318, 243, 364, 296, 315, 300, 372, 357, 321, 358],stretch
218,2021-03-04 08:08:51.403325,[318, 124, 325, 118, 314, 119, 343, 120, 0, 0, 365, 146, 309, 153, 414, 150, 277, 167, 463, 152, 252, 176, 353, 244, 319, 243, 364, 298, 316, 302, 372, 357, 321, 358],stretch
219,2021-03-04 08:08:51.560088,[312, 125, 319, 119, 311, 118, 337, 120, 0, 0, 363, 146, 316, 152, 417, 147, 294, 170, 0, 0, 276, 176, 353, 243, 318, 243, 363, 298, 316, 302, 372, 356, 321, 356],stretch
220,2021-03-04 08:08:51.724092,[309, 124, 314, 119, 310, 118, 332, 122, 0, 0, 357, 146, 323, 153, 401, 145, 304, 178, 434, 136, 299, 173, 353, 240, 318, 243, 361, 297, 316, 302, 372, 357, 321, 356],stretch
221,2021-03-04 08:08:51.856565,[308, 126, 312, 121, 0, 0, 328, 123, 0, 0, 344, 147, 353, 142, 395, 140, 393, 145, 413, 140, 415, 139, 353, 239, 321, 242, 361, 294, 317, 303, 373, 356, 322, 357],stretch
222,2021-03-04 08:08:51.993976,[310, 128, 314, 123, 0, 0, 329, 125, 0, 0, 344, 146, 342, 144, 370, 145, 379, 145, 389, 140, 392, 139, 354, 237, 322, 241, 359, 293, 318, 303, 373, 356, 322, 358],stretch
223,2021-03-04 08:08:52.157404,[310, 130, 314, 125, 0, 0, 328, 127, 0, 0, 340, 147, 346, 144, 370, 141, 375, 142, 367, 138, 373, 138, 353, 237, 324, 240, 340, 301, 318, 302, 373, 356, 323, 358],stretch
224,2021-03-04 08:08:52.345534,[310, 130, 314, 126, 0, 0, 327, 127, 0, 0, 335, 150, 351, 149, 0, 0, 361, 157, 0, 0, 0, 0, 353, 238, 324, 241, 339, 300, 319, 302, 373, 357, 323, 358],stretch
225,2021-03-04 08:08:52.494943,[308, 130, 312, 125, 0, 0, 326, 127, 0, 0, 336, 153, 346, 147, 360, 173, 365, 173, 0, 0, 0, 0, 353, 239, 323, 242, 357, 295, 319, 303, 362, 356, 323, 358],stretch
226,2021-03-04 08:08:52.661438,[307, 131, 311, 126, 0, 0, 324, 127, 0, 0, 333, 151, 346, 149, 0, 0, 0, 0, 0, 0, 0, 0, 353, 236, 324, 240, 335, 301, 320, 302, 320, 359, 323, 358],stretch
227,2021-03-04 08:08:52.824318,[305, 131, 309, 125, 0, 0, 323, 125, 0, 0, 336, 148, 343, 143, 360, 140, 369, 141, 364, 136, 371, 136, 352, 237, 319, 242, 337, 300, 316, 303, 373, 356, 321, 357],stretch
228,2021-03-04 08:08:52.964596,[299, 126, 305, 120, 300, 119, 322, 123, 0, 0, 341, 148, 321, 151, 372, 143, 378, 140, 389, 136, 392, 136, 348, 239, 315, 242, 358, 296, 313, 302, 372, 356, 319, 357],stretch
229,2021-03-04 08:08:53.159303,[296, 126, 302, 121, 295, 120, 322, 122, 0, 0, 344, 147, 305, 156, 383, 146, 285, 179, 409, 141, 280, 174, 342, 240, 308, 242, 355, 296, 309, 303, 370, 356, 319, 356],stretch
230,2021-03-04 08:08:53.323675,[302, 125, 307, 119, 296, 120, 324, 121, 0, 0, 343, 147, 290, 155, 385, 147, 258, 169, 426, 139, 246, 173, 336, 241, 303, 241, 342, 296, 309, 303, 348, 357, 316, 357],stretch
231,2021-03-04 08:08:53.493725,[305, 125, 312, 118, 300, 119, 327, 119, 295, 122, 346, 147, 290, 153, 385, 146, 258, 163, 423, 143, 231, 174, 336, 242, 305, 243, 338, 298, 309, 300, 335, 357, 316, 358],stretch
232,2021-03-04 08:08:53.661400,[311, 122, 319, 115, 306, 116, 331, 119, 299, 120, 351, 146, 292, 152, 396, 146, 259, 160, 442, 145, 228, 171, 339, 243, 307, 244, 328, 299, 314, 298, 336, 357, 320, 356],stretch
233,2021-03-04 08:08:53.822969,[314, 122, 321, 116, 308, 116, 334, 119, 301, 120, 353, 148, 292, 152, 401, 148, 258, 159, 442, 148, 226, 170, 340, 243, 306, 243, 343, 299, 306, 304, 337, 357, 313, 356],stretch
234,2021-03-04 08:08:54.023139,[313, 123, 321, 116, 308, 117, 332, 120, 300, 121, 351, 147, 290, 152, 400, 151, 254, 161, 448, 149, 220, 172, 341, 242, 305, 242, 343, 302, 295, 303, 336, 359, 290, 358],stretch
235,2021-03-04 08:08:54.192230,[310, 123, 317, 117, 304, 117, 327, 121, 296, 121, 345, 150, 285, 153, 388, 153, 247, 160, 436, 154, 208, 170, 337, 241, 301, 242, 341, 301, 294, 303, 336, 359, 289, 358],stretch
236,2021-03-04 08:08:54.356770,[309, 123, 317, 118, 303, 116, 324, 122, 293, 121, 338, 152, 280, 152, 377, 157, 240, 158, 409, 160, 201, 164, 333, 239, 297, 242, 339, 303, 290, 304, 336, 358, 289, 359],stretch
237,2021-03-04 08:08:54.494367,[312, 124, 317, 118, 305, 117, 322, 122, 292, 121, 331, 151, 277, 150, 371, 161, 236, 154, 398, 164, 200, 159, 329, 242, 294, 244, 338, 303, 289, 305, 336, 358, 288, 359],stretch
238,2021-03-04 08:08:54.662141,[318, 123, 320, 118, 311, 118, 0, 0, 292, 122, 325, 153, 277, 150, 369, 165, 245, 151, 388, 167, 217, 155, 328, 243, 294, 245, 339, 303, 288, 307, 335, 358, 287, 360],stretch
239,2021-03-04 08:08:54.829666,[322, 125, 323, 120, 316, 120, 0, 0, 297, 122, 315, 154, 281, 148, 331, 171, 244, 151, 351, 172, 231, 151, 327, 243, 296, 244, 339, 303, 290, 306, 335, 356, 287, 358],stretch
240,2021-03-04 08:08:54.993638,[325, 123, 323, 117, 318, 117, 0, 0, 300, 123, 306, 152, 287, 146, 0, 0, 246, 149, 0, 0, 259, 146, 326, 242, 299, 243, 327, 304, 291, 306, 336, 356, 286, 358],stretch
241,2021-03-04 08:08:55.162008,[325, 124, 323, 118, 319, 118, 0, 0, 300, 124, 302, 155, 296, 150, 0, 0, 0, 0, 0, 0, 0, 0, 304, 239, 314, 240, 293, 299, 334, 301, 283, 358, 282, 360],stretch
242,2021-03-04 08:08:55.325332,[326, 122, 323, 116, 320, 117, 0, 0, 301, 124, 296, 148, 298, 151, 0, 0, 0, 0, 0, 0, 0, 0, 299, 242, 318, 243, 293, 299, 334, 302, 336, 356, 335, 358],stretch
243,2021-03-04 08:08:55.488385,[326, 121, 323, 115, 319, 116, 0, 0, 301, 123, 297, 142, 294, 146, 0, 0, 304, 160, 0, 0, 0, 0, 318, 240, 305, 241, 294, 296, 335, 301, 335, 356, 336, 358],stretch
244,2021-03-04 08:08:55.630316,[326, 121, 324, 115, 320, 116, 0, 0, 301, 123, 297, 143, 294, 146, 0, 0, 305, 163, 0, 0, 0, 0, 315, 241, 307, 241, 294, 297, 335, 302, 335, 356, 335, 358],stretch
245,2021-03-04 08:08:55.785245,[326, 122, 323, 116, 320, 117, 0, 0, 302, 123, 300, 150, 295, 150, 0, 0, 0, 0, 0, 0, 0, 0, 308, 241, 313, 241, 292, 300, 332, 301, 282, 358, 285, 360],stretch
246,2021-03-04 08:08:55.924181,[327, 122, 325, 116, 321, 117, 0, 0, 302, 124, 310, 150, 295, 147, 0, 0, 273, 141, 0, 0, 0, 0, 321, 240, 307, 240, 292, 302, 336, 304, 338, 355, 335, 357],stretch
247,2021-03-04 08:08:56.065622,[328, 121, 328, 116, 322, 116, 0, 0, 301, 123, 322, 151, 287, 145, 0, 0, 247, 147, 0, 0, 243, 145, 327, 242, 302, 242, 291, 306, 299, 308, 283, 358, 284, 358],stretch
248,2021-03-04 08:08:56.224976,[329, 122, 331, 116, 322, 116, 0, 0, 304, 122, 332, 156, 289, 147, 356, 171, 256, 148, 375, 173, 237, 150, 333, 243, 301, 245, 324, 304, 292, 306, 336, 356, 285, 359],stretch
249,2021-03-04 08:08:56.394672,[330, 122, 333, 116, 323, 116, 336, 121, 307, 120, 343, 150, 294, 148, 381, 164, 255, 152, 397, 169, 225, 157, 339, 243, 304, 243, 343, 303, 296, 306, 336, 357, 290, 357],stretch
250,2021-03-04 08:08:56.592298,[329, 122, 333, 115, 321, 115, 338, 119, 308, 119, 347, 148, 295, 147, 380, 156, 257, 153, 401, 162, 218, 161, 340, 242, 305, 242, 342, 301, 305, 304, 337, 355, 309, 355],stretch
251,2021-03-04 08:08:56.755139,[322, 122, 329, 116, 316, 115, 335, 120, 303, 120, 347, 149, 292, 149, 381, 156, 252, 156, 411, 161, 212, 165, 339, 240, 305, 242, 341, 299, 308, 304, 336, 356, 315, 355],stretch
252,2021-03-04 08:08:56.900936,[318, 121, 325, 115, 311, 115, 331, 120, 301, 120, 345, 149, 290, 150, 382, 155, 250, 157, 412, 160, 208, 167, 339, 242, 304, 244, 342, 296, 308, 300, 334, 357, 315, 357],stretch
253,2021-03-04 08:08:57.061330,[318, 122, 324, 116, 311, 116, 332, 120, 301, 121, 346, 148, 290, 151, 382, 155, 251, 157, 413, 159, 209, 167, 340, 239, 306, 243, 354, 297, 308, 301, 359, 354, 315, 358],stretch
254,2021-03-04 08:08:57.223846,[320, 123, 327, 115, 313, 117, 337, 120, 305, 121, 354, 150, 296, 152, 395, 154, 258, 159, 433, 158, 221, 170, 346, 238, 311, 242, 361, 295, 310, 300, 373, 354, 317, 357],stretch
255,2021-03-04 08:08:57.381080,[322, 123, 328, 114, 316, 117, 341, 119, 309, 122, 363, 147, 302, 153, 411, 150, 267, 161, 0, 0, 230, 173, 352, 241, 316, 243, 365, 298, 314, 300, 372, 355, 319, 357],stretch
256,2021-03-04 08:08:57.561242,[322, 123, 328, 115, 317, 117, 343, 118, 313, 121, 366, 146, 307, 155, 414, 143, 267, 168, 0, 0, 238, 179, 357, 243, 321, 244, 368, 296, 318, 301, 373, 355, 321, 357],stretch
257,2021-03-04 08:08:57.722339,[319, 124, 326, 117, 315, 118, 344, 121, 0, 0, 363, 147, 310, 154, 411, 142, 282, 169, 0, 0, 266, 177, 358, 243, 322, 245, 368, 298, 319, 305, 373, 354, 321, 358],stretch
258,2021-03-04 08:08:57.864373,[314, 126, 319, 120, 313, 120, 339, 121, 0, 0, 360, 148, 319, 152, 399, 142, 298, 171, 436, 136, 284, 175, 356, 240, 322, 241, 366, 297, 319, 304, 374, 354, 321, 357],stretch
259,2021-03-04 08:08:58.030336,[310, 125, 316, 120, 311, 119, 334, 122, 0, 0, 354, 147, 323, 154, 386, 142, 317, 185, 413, 136, 0, 0, 354, 239, 321, 243, 337, 303, 319, 304, 374, 355, 321, 357],stretch
260,2021-03-04 08:08:58.204158,[309, 125, 314, 120, 311, 119, 331, 122, 0, 0, 345, 146, 334, 146, 371, 143, 375, 143, 388, 135, 390, 135, 354, 236, 323, 239, 360, 297, 318, 303, 363, 355, 321, 357],stretch
261,2021-03-04 08:08:58.359889,[309, 128, 313, 122, 0, 0, 328, 121, 0, 0, 342, 145, 340, 143, 361, 138, 0, 0, 0, 0, 0, 0, 353, 236, 324, 238, 357, 296, 319, 303, 374, 354, 321, 358],stretch
262,2021-03-04 08:08:58.526979,[309, 128, 313, 123, 0, 0, 329, 125, 0, 0, 333, 150, 346, 145, 359, 170, 0, 0, 0, 0, 0, 0, 352, 236, 324, 240, 356, 294, 320, 302, 375, 354, 321, 357],stretch
263,2021-03-04 08:08:58.687677,[307, 130, 311, 123, 0, 0, 327, 125, 0, 0, 336, 151, 342, 144, 359, 171, 0, 0, 0, 0, 0, 0, 351, 236, 323, 240, 356, 295, 319, 302, 375, 354, 321, 357],stretch
264,2021-03-04 08:08:58.828930,[304, 131, 310, 124, 0, 0, 325, 125, 0, 0, 328, 150, 350, 147, 0, 0, 0, 0, 0, 0, 0, 0, 351, 236, 325, 240, 358, 296, 319, 304, 375, 354, 321, 358],stretch
265,2021-03-04 08:08:59.009057,[301, 128, 306, 123, 302, 122, 325, 125, 0, 0, 338, 147, 324, 149, 363, 139, 365, 140, 367, 137, 370, 136, 351, 237, 320, 242, 359, 297, 318, 303, 375, 354, 320, 357],stretch
266,2021-03-04 08:08:59.158651,[297, 129, 302, 123, 297, 122, 320, 124, 0, 0, 339, 146, 313, 150, 367, 142, 369, 142, 386, 135, 387, 134, 347, 238, 315, 243, 358, 295, 314, 302, 374, 355, 320, 357],stretch
267,2021-03-04 08:08:59.296388,[293, 127, 300, 121, 292, 120, 319, 123, 0, 0, 336, 148, 305, 156, 370, 144, 289, 182, 402, 138, 282, 174, 341, 237, 307, 242, 341, 298, 309, 304, 372, 354, 318, 356],stretch
268,2021-03-04 08:08:59.459736,[290, 126, 298, 119, 288, 120, 317, 123, 0, 0, 337, 147, 290, 154, 379, 144, 264, 175, 424, 137, 255, 174, 333, 237, 302, 240, 342, 294, 307, 304, 340, 358, 316, 357],stretch
269,2021-03-04 08:08:59.621099,[296, 127, 303, 118, 291, 120, 319, 121, 0, 0, 338, 146, 286, 154, 380, 146, 254, 166, 424, 143, 234, 176, 331, 239, 299, 243, 333, 291, 307, 294, 328, 356, 313, 355],stretch
270,2021-03-04 08:08:59.766007,[301, 126, 307, 117, 295, 119, 322, 121, 290, 124, 341, 147, 288, 154, 385, 147, 255, 163, 429, 147, 226, 174, 331, 239, 300, 242, 329, 295, 311, 298, 331, 356, 314, 355],stretch
271,2021-03-04 08:08:59.935463,[305, 124, 311, 116, 300, 118, 325, 119, 295, 122, 346, 146, 289, 152, 393, 150, 253, 162, 440, 150, 220, 175, 335, 240, 305, 241, 335, 298, 312, 300, 333, 357, 315, 357],stretch
272,2021-03-04 08:09:00.087771,[308, 122, 314, 114, 303, 116, 328, 118, 297, 121, 349, 146, 289, 152, 393, 151, 254, 160, 433, 155, 221, 172, 337, 241, 304, 241, 336, 297, 313, 301, 329, 358, 320, 358],stretch
273,2021-03-04 08:09:00.230765,[312, 121, 318, 115, 306, 116, 330, 119, 299, 121, 350, 147, 289, 152, 395, 153, 253, 161, 438, 155, 218, 172, 339, 242, 303, 243, 338, 302, 301, 303, 322, 358, 330, 359],stretch
274,2021-03-04 08:09:00.392312,[311, 123, 319, 116, 306, 117, 329, 120, 298, 121, 348, 148, 288, 152, 391, 152, 251, 161, 438, 154, 216, 171, 338, 243, 301, 242, 330, 302, 293, 300, 334, 359, 287, 358],stretch
275,2021-03-04 08:09:00.554971,[309, 123, 316, 117, 303, 117, 326, 121, 295, 122, 343, 149, 284, 153, 384, 154, 245, 161, 419, 158, 207, 171, 334, 242, 300, 244, 340, 302, 291, 302, 335, 358, 285, 357],stretch
276,2021-03-04 08:09:00.731691,[306, 123, 313, 117, 300, 117, 322, 122, 291, 121, 337, 151, 279, 152, 375, 157, 238, 161, 405, 159, 202, 170, 331, 241, 294, 245, 338, 302, 289, 302, 334, 358, 285, 358],stretch
277,2021-03-04 08:09:00.897925,[305, 123, 311, 118, 298, 117, 318, 122, 286, 122, 332, 151, 274, 152, 369, 157, 235, 158, 401, 161, 197, 166, 328, 240, 291, 243, 337, 300, 287, 302, 333, 357, 285, 358],stretch
278,2021-03-04 08:09:01.056436,[308, 123, 312, 117, 301, 117, 0, 0, 286, 122, 323, 151, 271, 151, 363, 160, 233, 157, 385, 164, 198, 163, 325, 241, 289, 244, 335, 302, 286, 304, 301, 362, 284, 358],stretch
279,2021-03-04 08:09:01.196835,[313, 124, 315, 118, 305, 118, 0, 0, 287, 122, 321, 154, 273, 151, 359, 164, 236, 154, 377, 167, 211, 157, 323, 243, 288, 246, 334, 303, 286, 306, 333, 356, 283, 358],stretch
280,2021-03-04 08:09:01.360156,[318, 123, 318, 118, 312, 118, 0, 0, 292, 124, 313, 157, 275, 148, 333, 170, 240, 151, 350, 171, 232, 151, 323, 242, 289, 244, 333, 302, 285, 304, 295, 361, 282, 358],stretch
281,2021-03-04 08:09:01.544609,[318, 123, 318, 118, 312, 118, 0, 0, 293, 123, 309, 153, 282, 147, 322, 184, 246, 145, 0, 0, 260, 144, 322, 241, 290, 242, 286, 305, 287, 305, 296, 360, 282, 357],stretch
282,2021-03-04 08:09:01.700094,[319, 122, 318, 117, 312, 117, 0, 0, 294, 124, 299, 153, 288, 151, 0, 0, 0, 0, 0, 0, 0, 0, 317, 237, 295, 238, 286, 305, 315, 305, 296, 356, 332, 355],stretch
283,2021-03-04 08:09:01.860057,[319, 121, 318, 117, 313, 117, 0, 0, 294, 125, 296, 149, 292, 153, 0, 0, 0, 0, 0, 0, 0, 0, 318, 239, 296, 241, 286, 305, 299, 306, 295, 355, 332, 356],stretch
284,2021-03-04 08:09:02.021564,[320, 121, 318, 117, 313, 117, 0, 0, 294, 124, 299, 150, 290, 152, 0, 0, 0, 0, 0, 0, 0, 0, 319, 238, 293, 241, 286, 305, 288, 305, 297, 355, 281, 356],stretch
285,2021-03-04 08:09:02.192121,[321, 119, 319, 115, 315, 115, 0, 0, 296, 124, 312, 149, 286, 149, 0, 0, 0, 0, 0, 0, 0, 0, 322, 239, 294, 240, 286, 306, 300, 306, 298, 355, 332, 357],stretch
286,2021-03-04 08:09:02.389345,[322, 120, 321, 115, 315, 116, 0, 0, 296, 123, 320, 151, 283, 144, 329, 174, 245, 146, 336, 173, 256, 142, 326, 239, 294, 241, 305, 306, 287, 306, 332, 355, 281, 358],stretch
287,2021-03-04 08:09:02.525132,[320, 121, 322, 115, 312, 115, 0, 0, 296, 120, 330, 151, 284, 146, 364, 164, 252, 148, 383, 167, 233, 151, 331, 241, 298, 243, 340, 304, 289, 305, 333, 357, 282, 358],stretch
288,2021-03-04 08:09:02.663070,[319, 120, 322, 115, 312, 114, 327, 119, 297, 119, 336, 148, 287, 148, 370, 158, 257, 150, 391, 165, 228, 154, 333, 240, 300, 242, 339, 305, 295, 306, 333, 357, 290, 356],stretch
289,2021-03-04 08:09:02.826704,[317, 121, 322, 116, 310, 116, 327, 119, 298, 120, 340, 148, 286, 148, 376, 157, 247, 153, 400, 162, 210, 159, 334, 241, 301, 243, 338, 303, 305, 305, 332, 356, 313, 356],stretch
290,2021-03-04 08:09:02.988274,[312, 122, 318, 116, 306, 115, 325, 120, 294, 121, 339, 150, 283, 150, 375, 155, 244, 154, 400, 162, 205, 164, 334, 239, 302, 243, 337, 297, 304, 300, 320, 357, 327, 357],stretch
291,2021-03-04 08:09:03.135136,[309, 123, 315, 116, 303, 117, 324, 120, 294, 122, 342, 150, 283, 150, 379, 156, 247, 156, 406, 162, 206, 166, 334, 238, 302, 242, 344, 298, 304, 302, 351, 357, 311, 358],stretch
292,2021-03-04 08:09:03.294987,[312, 124, 319, 118, 305, 118, 327, 120, 297, 124, 345, 149, 287, 152, 384, 156, 250, 159, 418, 161, 208, 169, 339, 239, 304, 242, 355, 293, 307, 301, 367, 354, 313, 357],stretch
293,2021-03-04 08:09:03.455731,[315, 124, 322, 117, 309, 119, 332, 120, 300, 124, 351, 149, 292, 154, 389, 155, 252, 162, 423, 159, 216, 173, 345, 241, 310, 243, 359, 297, 310, 302, 366, 354, 313, 358],stretch
294,2021-03-04 08:09:03.595517,[318, 124, 324, 116, 311, 118, 337, 119, 304, 123, 356, 147, 299, 154, 401, 153, 262, 162, 437, 156, 224, 173, 349, 240, 313, 243, 362, 301, 312, 301, 366, 355, 315, 357],stretch
295,2021-03-04 08:09:03.760564,[317, 125, 323, 117, 311, 119, 338, 120, 306, 123, 360, 147, 303, 153, 404, 149, 265, 164, 449, 155, 232, 176, 350, 242, 315, 242, 362, 302, 312, 302, 367, 355, 316, 357],stretch
296,2021-03-04 08:09:03.929531,[310, 125, 316, 119, 306, 119, 335, 120, 0, 0, 357, 146, 306, 152, 408, 146, 270, 169, 0, 0, 253, 174, 350, 243, 315, 244, 362, 304, 313, 304, 367, 356, 317, 357],stretch
297,2021-03-04 08:09:04.095014,[305, 125, 311, 119, 305, 119, 333, 122, 0, 0, 354, 146, 312, 152, 407, 145, 291, 175, 446, 131, 284, 175, 349, 241, 316, 242, 344, 302, 313, 304, 368, 356, 317, 357],stretch
298,2021-03-04 08:09:04.260210,[303, 127, 309, 120, 0, 0, 329, 122, 0, 0, 347, 146, 319, 152, 381, 142, 385, 138, 405, 136, 408, 135, 350, 240, 317, 242, 355, 296, 314, 304, 368, 356, 317, 357],stretch
299,2021-03-04 08:09:04.423227,[304, 128, 308, 122, 0, 0, 325, 123, 0, 0, 339, 147, 323, 152, 368, 134, 369, 134, 368, 131, 370, 130, 349, 236, 317, 239, 353, 294, 314, 302, 368, 356, 318, 357],stretch
300,2021-03-04 08:09:04.565090,[302, 127, 307, 120, 0, 0, 325, 123, 0, 0, 330, 151, 341, 144, 0, 0, 0, 0, 0, 0, 0, 0, 342, 236, 322, 238, 322, 299, 321, 302, 316, 358, 318, 358],stretch
301,2021-03-04 08:09:04.730179,[304, 127, 308, 121, 0, 0, 322, 121, 0, 0, 331, 143, 343, 139, 349, 170, 362, 173, 0, 0, 368, 173, 319, 236, 347, 233, 319, 299, 316, 299, 317, 357, 317, 358],stretch
302,2021-03-04 08:09:04.893197,[297, 131, 300, 124, 0, 0, 315, 123, 0, 0, 327, 142, 344, 140, 320, 157, 360, 172, 0, 0, 374, 171, 319, 236, 347, 233, 319, 298, 318, 298, 316, 358, 322, 357],stretch
303,2021-03-04 08:09:05.030338,[297, 131, 300, 125, 0, 0, 314, 122, 0, 0, 326, 142, 343, 139, 349, 170, 359, 173, 0, 0, 371, 173, 325, 235, 345, 233, 324, 297, 316, 298, 316, 357, 321, 357],stretch
304,2021-03-04 08:09:05.192265,[296, 129, 299, 123, 0, 0, 316, 123, 0, 0, 331, 145, 338, 140, 347, 171, 0, 0, 0, 0, 0, 0, 340, 236, 322, 238, 351, 292, 335, 293, 368, 355, 318, 356],stretch
305,2021-03-04 08:09:05.353927,[294, 129, 297, 123, 0, 0, 314, 122, 0, 0, 318, 147, 337, 142, 348, 133, 355, 134, 0, 0, 0, 0, 337, 235, 315, 239, 347, 293, 314, 302, 368, 355, 318, 355],stretch
306,2021-03-04 08:09:05.494157,[289, 126, 293, 121, 289, 119, 314, 123, 0, 0, 329, 145, 307, 151, 356, 137, 357, 136, 369, 131, 369, 129, 338, 235, 309, 240, 311, 303, 318, 302, 315, 356, 319, 355],stretch
307,2021-03-04 08:09:05.696576,[285, 128, 292, 122, 283, 121, 312, 125, 0, 0, 330, 148, 288, 153, 360, 142, 259, 166, 392, 134, 254, 163, 333, 237, 302, 241, 343, 293, 305, 303, 333, 358, 316, 354],stretch
308,2021-03-04 08:09:05.853765,[290, 127, 296, 120, 285, 121, 312, 122, 282, 125, 331, 147, 275, 154, 375, 144, 248, 160, 422, 135, 225, 168, 328, 240, 297, 244, 332, 292, 303, 297, 331, 356, 311, 355],stretch
309,2021-03-04 08:09:05.995073,[293, 126, 299, 119, 288, 120, 312, 121, 283, 124, 334, 146, 277, 153, 377, 146, 245, 160, 426, 138, 216, 169, 328, 240, 297, 243, 329, 295, 305, 299, 328, 357, 312, 356],stretch
310,2021-03-04 08:09:06.158869,[298, 125, 305, 119, 293, 120, 317, 121, 286, 123, 337, 146, 280, 153, 381, 147, 247, 160, 412, 144, 213, 171, 331, 240, 298, 244, 334, 297, 305, 302, 331, 356, 311, 356],stretch
311,2021-03-04 08:09:06.321104,[303, 124, 310, 117, 297, 118, 322, 120, 290, 122, 341, 146, 283, 153, 387, 147, 250, 159, 426, 148, 214, 170, 332, 242, 300, 244, 336, 301, 300, 301, 323, 356, 319, 356],stretch
312,2021-03-04 08:09:06.469142,[304, 124, 311, 116, 297, 117, 322, 120, 290, 122, 341, 146, 282, 153, 384, 148, 247, 160, 422, 147, 209, 170, 332, 241, 299, 243, 338, 304, 293, 304, 332, 357, 296, 354],stretch
313,2021-03-04 08:09:06.628980,[303, 123, 309, 117, 296, 118, 320, 121, 287, 122, 337, 149, 278, 153, 387, 151, 242, 160, 435, 146, 203, 170, 330, 241, 296, 243, 338, 301, 287, 300, 332, 357, 282, 357],stretch
314,2021-03-04 08:09:06.786954,[299, 123, 306, 117, 293, 117, 314, 121, 284, 122, 332, 148, 273, 153, 372, 154, 235, 158, 400, 156, 196, 166, 327, 242, 291, 244, 336, 300, 286, 303, 331, 358, 284, 357],stretch
315,2021-03-04 08:09:06.927405,[300, 123, 306, 117, 294, 117, 313, 121, 283, 123, 328, 150, 271, 153, 368, 154, 232, 158, 397, 156, 191, 165, 325, 240, 289, 243, 334, 301, 285, 301, 301, 362, 283, 357],stretch
316,2021-03-04 08:09:07.092585,[304, 123, 309, 117, 297, 118, 312, 121, 282, 123, 323, 151, 270, 152, 364, 157, 234, 157, 387, 160, 197, 162, 324, 242, 288, 245, 333, 303, 285, 304, 303, 361, 282, 357],stretch
317,2021-03-04 08:09:07.259488,[310, 124, 312, 119, 303, 118, 0, 0, 286, 124, 319, 152, 272, 151, 352, 160, 238, 155, 373, 163, 211, 159, 323, 243, 289, 245, 333, 304, 284, 305, 301, 360, 282, 357],stretch
318,2021-03-04 08:09:07.426517,[312, 125, 314, 120, 306, 119, 0, 0, 287, 124, 312, 153, 275, 149, 334, 165, 244, 154, 354, 167, 233, 155, 322, 242, 289, 245, 298, 305, 286, 305, 298, 360, 282, 357],stretch
319,2021-03-04 08:09:07.592017,[316, 125, 316, 120, 309, 120, 0, 0, 290, 125, 313, 157, 278, 148, 329, 177, 247, 152, 0, 0, 242, 151, 323, 242, 290, 244, 286, 304, 287, 305, 294, 359, 282, 357],stretch
320,2021-03-04 08:09:07.753698,[312, 125, 314, 120, 304, 119, 0, 0, 288, 122, 302, 148, 285, 148, 0, 0, 262, 149, 0, 0, 0, 0, 322, 239, 291, 240, 286, 305, 292, 306, 297, 354, 319, 355],stretch
321,2021-03-04 08:09:07.894519,[310, 125, 314, 120, 303, 119, 0, 0, 287, 122, 305, 153, 282, 150, 0, 0, 269, 145, 0, 0, 281, 145, 320, 238, 290, 241, 286, 306, 298, 306, 298, 355, 330, 356],stretch
322,2021-03-04 08:09:08.067996,[310, 125, 313, 120, 302, 119, 0, 0, 287, 123, 304, 154, 283, 151, 0, 0, 274, 143, 0, 0, 283, 142, 320, 240, 290, 241, 286, 305, 290, 306, 300, 354, 281, 357],stretch
323,2021-03-04 08:09:08.233414,[309, 125, 313, 120, 302, 119, 315, 124, 288, 123, 306, 151, 283, 148, 0, 0, 256, 144, 0, 0, 267, 145, 322, 240, 291, 241, 286, 306, 296, 306, 297, 355, 330, 356],stretch
324,2021-03-04 08:09:08.390965,[311, 124, 316, 120, 304, 118, 318, 126, 289, 123, 318, 159, 279, 147, 328, 186, 244, 149, 0, 0, 252, 145, 324, 244, 291, 245, 309, 305, 286, 305, 330, 355, 281, 357],stretch
325,2021-03-04 08:09:08.530259,[312, 124, 317, 120, 305, 118, 320, 125, 291, 123, 321, 157, 278, 147, 342, 174, 248, 150, 355, 172, 236, 148, 326, 244, 293, 245, 314, 305, 288, 305, 330, 356, 281, 357],stretch
326,2021-03-04 08:09:08.690788,[314, 124, 319, 119, 307, 118, 324, 123, 294, 123, 330, 156, 283, 149, 362, 168, 253, 148, 382, 172, 228, 152, 328, 242, 296, 244, 313, 305, 288, 304, 332, 356, 281, 357],stretch
327,2021-03-04 08:09:08.827852,[315, 123, 321, 118, 309, 117, 326, 122, 297, 122, 335, 154, 285, 149, 373, 165, 254, 150, 390, 169, 224, 154, 331, 242, 299, 243, 339, 303, 289, 302, 332, 356, 281, 357],stretch
328,2021-03-04 08:09:09.015792,[318, 122, 324, 116, 311, 116, 330, 121, 300, 121, 342, 151, 289, 150, 377, 160, 253, 153, 401, 164, 215, 159, 335, 242, 301, 242, 339, 302, 292, 301, 333, 356, 282, 358],stretch
329,2021-03-04 08:09:09.186535,[320, 122, 326, 117, 313, 117, 333, 120, 302, 121, 347, 149, 292, 150, 382, 156, 254, 155, 410, 161, 215, 164, 335, 239, 303, 239, 338, 302, 298, 299, 330, 357, 319, 355],stretch
330,2021-03-04 08:09:09.329779,[319, 122, 324, 116, 312, 116, 333, 120, 302, 120, 347, 148, 291, 150, 383, 155, 254, 156, 412, 159, 212, 164, 334, 241, 303, 242, 339, 302, 308, 303, 331, 356, 316, 356],stretch
331,2021-03-04 08:09:09.491372,[315, 122, 321, 116, 309, 117, 329, 120, 299, 121, 345, 148, 288, 151, 382, 154, 249, 157, 414, 160, 209, 166, 337, 242, 303, 245, 337, 297, 310, 298, 328, 356, 314, 357],stretch
332,2021-03-04 08:09:09.653623,[314, 123, 320, 116, 307, 117, 328, 120, 298, 122, 345, 147, 288, 152, 383, 154, 249, 158, 416, 159, 207, 168, 338, 241, 304, 243, 343, 295, 306, 301, 342, 355, 310, 358],stretch
333,2021-03-04 08:09:09.802302,[317, 124, 323, 117, 310, 118, 332, 120, 300, 122, 349, 148, 290, 153, 388, 154, 253, 158, 426, 159, 216, 168, 341, 240, 305, 243, 355, 295, 307, 301, 366, 353, 312, 358],stretch
334,2021-03-04 08:09:09.962318,[320, 123, 327, 116, 313, 117, 337, 119, 305, 122, 357, 148, 298, 153, 405, 151, 262, 160, 450, 154, 225, 171, 349, 242, 312, 244, 361, 299, 311, 302, 366, 355, 314, 357],stretch
335,2021-03-04 08:09:10.120185,[324, 123, 330, 115, 318, 117, 341, 119, 310, 122, 362, 145, 303, 154, 407, 145, 265, 165, 459, 144, 232, 176, 353, 240, 316, 242, 364, 298, 314, 302, 369, 356, 317, 358],stretch
336,2021-03-04 08:09:10.261052,[324, 122, 331, 115, 318, 117, 343, 118, 312, 122, 364, 145, 306, 155, 412, 143, 268, 169, 0, 0, 246, 176, 354, 240, 319, 242, 365, 297, 315, 301, 369, 357, 319, 357],stretch
337,2021-03-04 08:09:10.425245,[318, 124, 326, 117, 314, 118, 343, 120, 0, 0, 361, 146, 311, 154, 402, 141, 286, 170, 445, 133, 268, 178, 355, 242, 319, 243, 363, 297, 315, 302, 369, 356, 320, 355],stretch
338,2021-03-04 08:09:10.592704,[315, 124, 320, 119, 312, 119, 341, 122, 0, 0, 358, 147, 319, 155, 391, 141, 300, 177, 422, 135, 288, 177, 354, 239, 320, 242, 361, 295, 316, 303, 370, 357, 321, 356],stretch
339,2021-03-04 08:09:10.759696,[313, 125, 318, 119, 312, 119, 338, 122, 0, 0, 353, 147, 323, 155, 385, 138, 316, 190, 404, 133, 0, 0, 354, 238, 320, 241, 358, 296, 316, 303, 370, 356, 322, 356],stretch
340,2021-03-04 08:09:10.924261,[311, 125, 317, 120, 311, 120, 335, 122, 0, 0, 346, 145, 329, 148, 374, 139, 375, 139, 386, 133, 386, 132, 352, 236, 321, 239, 335, 300, 316, 302, 317, 360, 321, 356],stretch
341,2021-03-04 08:09:11.085367,[311, 127, 316, 121, 310, 121, 333, 123, 0, 0, 344, 144, 334, 146, 368, 136, 371, 136, 377, 130, 379, 130, 351, 237, 319, 239, 354, 292, 315, 301, 317, 359, 321, 356],stretch
342,2021-03-04 08:09:11.228994,[308, 126, 315, 120, 308, 120, 333, 124, 0, 0, 341, 147, 334, 148, 366, 139, 365, 140, 373, 133, 375, 133, 351, 237, 319, 240, 340, 298, 315, 302, 317, 359, 321, 356],stretch
343,2021-03-04 08:09:11.399058,[308, 126, 315, 121, 307, 120, 333, 123, 0, 0, 342, 145, 327, 148, 369, 138, 362, 140, 374, 133, 374, 132, 351, 236, 319, 240, 325, 301, 316, 302, 317, 357, 321, 355],stretch
344,2021-03-04 08:09:11.555882,[312, 127, 318, 120, 308, 121, 336, 124, 0, 0, 346, 145, 323, 148, 371, 139, 0, 0, 383, 132, 0, 0, 350, 237, 319, 240, 343, 298, 315, 303, 318, 360, 321, 356],stretch
345,2021-03-04 08:09:11.694447,[312, 125, 319, 119, 308, 120, 335, 123, 0, 0, 350, 148, 316, 157, 371, 142, 312, 190, 390, 133, 0, 0, 350, 238, 318, 242, 356, 297, 315, 303, 370, 356, 320, 356],stretch
346,2021-03-04 08:09:11.857800,[312, 125, 318, 117, 307, 120, 334, 122, 0, 0, 352, 147, 309, 159, 379, 141, 291, 182, 401, 134, 282, 179, 349, 239, 316, 243, 357, 295, 313, 301, 370, 356, 319, 356],stretch
347,2021-03-04 08:09:12.019525,[308, 124, 315, 117, 304, 118, 332, 122, 301, 123, 351, 147, 302, 155, 388, 142, 278, 175, 425, 135, 259, 179, 344, 240, 311, 243, 355, 292, 311, 303, 369, 355, 318, 356],stretch
348,2021-03-04 08:09:12.160556,[305, 125, 312, 117, 301, 119, 328, 121, 297, 124, 347, 147, 291, 156, 390, 145, 256, 173, 425, 140, 237, 178, 340, 241, 306, 243, 354, 296, 308, 304, 368, 355, 316, 356],stretch
349,2021-03-04 08:09:12.350472,[304, 125, 310, 118, 298, 119, 324, 122, 293, 124, 343, 148, 288, 155, 386, 147, 255, 164, 428, 146, 226, 174, 334, 240, 302, 241, 347, 295, 306, 303, 359, 356, 314, 356],stretch
350,2021-03-04 08:09:12.528266,[305, 124, 309, 118, 297, 120, 322, 121, 291, 125, 341, 148, 284, 156, 387, 149, 250, 162, 432, 148, 218, 172, 334, 240, 301, 241, 337, 294, 306, 300, 332, 357, 313, 357],stretch
351,2021-03-04 08:09:12.690086,[305, 125, 311, 118, 298, 118, 323, 122, 292, 124, 343, 149, 285, 156, 387, 148, 248, 162, 433, 149, 214, 173, 334, 241, 302, 242, 335, 297, 308, 300, 330, 357, 313, 356],stretch
352,2021-03-04 08:09:12.856912,[308, 125, 314, 118, 302, 119, 326, 121, 295, 123, 346, 148, 286, 154, 391, 151, 251, 162, 439, 150, 217, 171, 337, 240, 304, 241, 337, 297, 308, 300, 332, 356, 314, 357],stretch
353,2021-03-04 08:09:13.018193,[310, 123, 317, 116, 305, 117, 328, 120, 297, 122, 348, 148, 287, 154, 392, 151, 252, 161, 441, 149, 216, 170, 337, 240, 301, 243, 337, 299, 302, 300, 323, 356, 318, 356],stretch
354,2021-03-04 08:09:13.159266,[311, 123, 318, 117, 305, 118, 328, 121, 297, 123, 345, 148, 286, 153, 389, 152, 250, 161, 427, 154, 212, 171, 336, 239, 302, 241, 339, 302, 294, 302, 334, 357, 289, 356],stretch
355,2021-03-04 08:09:13.347347,[310, 124, 317, 119, 304, 118, 324, 123, 294, 123, 342, 150, 282, 153, 382, 153, 243, 161, 416, 155, 206, 171, 334, 240, 299, 242, 340, 301, 289, 299, 333, 356, 281, 355],stretch
356,2021-03-04 08:09:13.518985,[309, 125, 314, 120, 302, 119, 318, 124, 289, 123, 330, 151, 275, 154, 369, 157, 238, 158, 396, 161, 201, 165, 329, 241, 293, 243, 338, 300, 286, 303, 302, 360, 281, 356],stretch
357,2021-03-04 08:09:13.660800,[308, 126, 312, 120, 301, 120, 0, 0, 287, 123, 323, 152, 273, 153, 361, 159, 237, 157, 384, 164, 208, 160, 325, 241, 291, 243, 335, 302, 286, 306, 303, 361, 281, 356],stretch
358,2021-03-04 08:09:13.824000,[311, 125, 313, 120, 303, 119, 0, 0, 287, 124, 318, 154, 273, 152, 348, 164, 239, 156, 369, 168, 221, 157, 323, 243, 290, 245, 333, 301, 284, 304, 299, 359, 281, 356],stretch
359,2021-03-04 08:09:13.985558,[312, 125, 314, 121, 306, 120, 0, 0, 286, 125, 314, 158, 275, 150, 331, 174, 247, 154, 347, 172, 238, 154, 324, 242, 290, 245, 292, 304, 286, 305, 302, 355, 280, 355],stretch
360,2021-03-04 08:09:14.136325,[314, 125, 314, 121, 307, 120, 0, 0, 289, 125, 303, 152, 282, 150, 0, 0, 249, 152, 0, 0, 257, 150, 323, 242, 291, 242, 286, 305, 287, 305, 301, 355, 280, 355],stretch
361,2021-03-04 08:09:14.295750,[316, 126, 316, 121, 309, 121, 0, 0, 290, 126, 302, 156, 285, 154, 0, 0, 0, 0, 0, 0, 0, 0, 321, 239, 291, 240, 287, 302, 295, 303, 298, 355, 331, 356],stretch
362,2021-03-04 08:09:14.452243,[317, 126, 316, 121, 310, 121, 0, 0, 292, 127, 300, 156, 287, 154, 0, 0, 0, 0, 0, 0, 0, 0, 321, 239, 291, 241, 329, 300, 287, 300, 301, 355, 280, 354],stretch
363,2021-03-04 08:09:14.625977,[319, 126, 318, 122, 312, 121, 0, 0, 293, 126, 303, 155, 288, 153, 0, 0, 0, 0, 0, 0, 0, 0, 319, 238, 291, 241, 286, 300, 290, 301, 299, 355, 280, 355],stretch
364,2021-03-04 08:09:14.790573,[320, 126, 319, 121, 313, 121, 0, 0, 294, 126, 306, 154, 287, 153, 0, 0, 0, 0, 0, 0, 0, 0, 320, 239, 291, 240, 285, 302, 292, 302, 278, 357, 291, 356],stretch
365,2021-03-04 08:09:14.959927,[320, 126, 320, 123, 314, 121, 0, 0, 296, 126, 310, 152, 286, 148, 0, 0, 264, 150, 0, 0, 273, 148, 324, 239, 292, 239, 285, 304, 287, 304, 292, 360, 280, 356],stretch
366,2021-03-04 08:09:15.122668,[319, 126, 321, 122, 313, 121, 0, 0, 294, 123, 319, 155, 283, 148, 331, 175, 251, 150, 345, 173, 253, 149, 326, 243, 294, 244, 336, 302, 286, 304, 332, 355, 281, 356],stretch
367,2021-03-04 08:09:15.290559,[319, 125, 323, 119, 312, 119, 0, 0, 296, 122, 331, 156, 284, 151, 365, 167, 258, 151, 378, 169, 239, 154, 331, 242, 299, 244, 340, 302, 289, 304, 333, 356, 280, 356],stretch
368,2021-03-04 08:09:15.452336,[320, 124, 325, 118, 313, 119, 329, 121, 299, 123, 338, 150, 288, 151, 372, 158, 254, 155, 393, 164, 223, 159, 334, 243, 301, 243, 340, 302, 295, 304, 334, 356, 289, 355],stretch
369,2021-03-04 08:09:15.622216,[318, 123, 324, 117, 312, 117, 330, 120, 299, 122, 342, 148, 289, 151, 377, 155, 251, 156, 400, 159, 215, 164, 336, 240, 303, 241, 339, 303, 302, 302, 329, 356, 310, 356],stretch
370,2021-03-04 08:09:15.817458,[314, 123, 321, 117, 308, 117, 328, 121, 297, 122, 343, 149, 286, 152, 378, 153, 249, 156, 405, 157, 209, 164, 335, 243, 302, 246, 339, 301, 305, 305, 332, 357, 313, 356],stretch
371,2021-03-04 08:09:15.985030,[309, 123, 315, 116, 303, 116, 324, 121, 293, 121, 340, 149, 282, 152, 378, 154, 247, 157, 407, 158, 206, 168, 334, 241, 300, 245, 335, 299, 304, 304, 328, 357, 315, 356],stretch
372,2021-03-04 08:09:16.128910,[307, 122, 312, 115, 300, 116, 322, 120, 292, 121, 339, 149, 282, 153, 378, 154, 244, 159, 407, 157, 203, 170, 332, 239, 298, 243, 339, 298, 302, 304, 338, 356, 312, 357],stretch
373,2021-03-04 08:09:16.290186,[307, 124, 313, 117, 300, 117, 324, 121, 292, 122, 342, 149, 283, 154, 382, 153, 247, 160, 417, 158, 209, 170, 334, 237, 301, 241, 352, 294, 302, 302, 365, 354, 311, 358],stretch
374,2021-03-04 08:09:16.454838,[307, 123, 314, 116, 302, 118, 327, 119, 297, 122, 348, 148, 288, 154, 394, 153, 251, 163, 441, 154, 217, 174, 341, 241, 305, 244, 356, 296, 307, 301, 366, 353, 313, 357],stretch
375,2021-03-04 08:09:16.650992,[306, 124, 313, 116, 303, 117, 333, 120, 0, 0, 354, 147, 296, 155, 404, 145, 254, 169, 0, 0, 231, 179, 346, 241, 311, 243, 357, 295, 310, 301, 366, 354, 315, 357],stretch
376,2021-03-04 08:09:16.823935,[305, 124, 312, 119, 305, 117, 334, 122, 0, 0, 353, 146, 307, 153, 405, 144, 281, 170, 451, 136, 257, 178, 349, 243, 315, 244, 360, 300, 311, 303, 367, 355, 316, 357],stretch
377,2021-03-04 08:09:16.985365,[305, 125, 310, 120, 305, 119, 333, 122, 0, 0, 353, 145, 313, 152, 401, 143, 293, 176, 440, 135, 283, 177, 349, 241, 317, 242, 358, 298, 312, 303, 368, 355, 318, 357],stretch
378,2021-03-04 08:09:17.126775,[304, 125, 308, 119, 0, 0, 330, 122, 0, 0, 349, 147, 315, 157, 383, 143, 310, 185, 409, 136, 0, 0, 349, 241, 316, 243, 356, 295, 313, 304, 368, 356, 318, 357],stretch
379,2021-03-04 08:09:17.290497,[305, 127, 309, 120, 0, 0, 326, 122, 0, 0, 345, 146, 324, 148, 375, 138, 374, 139, 384, 132, 386, 132, 349, 239, 317, 242, 344, 300, 312, 304, 368, 355, 317, 356],stretch
380,2021-03-04 08:09:17.457391,[305, 128, 308, 121, 0, 0, 324, 122, 0, 0, 341, 145, 327, 146, 361, 136, 0, 0, 350, 132, 0, 0, 348, 238, 318, 242, 332, 300, 313, 303, 316, 361, 317, 356],stretch
381,2021-03-04 08:09:17.622558,[305, 129, 309, 122, 0, 0, 326, 125, 0, 0, 329, 155, 341, 148, 0, 0, 0, 0, 0, 0, 0, 0, 347, 240, 319, 242, 344, 297, 314, 301, 369, 355, 318, 356],stretch
382,2021-03-04 08:09:17.791904,[303, 129, 307, 123, 0, 0, 324, 125, 0, 0, 329, 155, 337, 147, 0, 0, 0, 0, 0, 0, 0, 0, 346, 239, 319, 243, 343, 297, 315, 303, 368, 355, 318, 356],stretch
383,2021-03-04 08:09:17.951859,[302, 130, 306, 124, 0, 0, 321, 125, 0, 0, 327, 148, 342, 145, 0, 0, 0, 0, 0, 0, 0, 0, 347, 240, 319, 243, 316, 304, 316, 304, 316, 359, 319, 356],stretch
384,2021-03-04 08:09:18.095932,[298, 127, 303, 121, 300, 121, 317, 124, 0, 0, 333, 147, 322, 146, 355, 144, 356, 144, 358, 141, 361, 140, 348, 240, 318, 243, 354, 295, 313, 302, 369, 356, 317, 356],stretch
385,2021-03-04 08:09:18.261489,[296, 129, 300, 124, 297, 123, 318, 123, 0, 0, 338, 146, 313, 150, 364, 143, 368, 138, 381, 135, 383, 134, 345, 238, 315, 243, 354, 293, 311, 303, 368, 355, 316, 356],stretch
386,2021-03-04 08:09:18.420437,[293, 126, 299, 121, 293, 120, 319, 122, 0, 0, 339, 147, 303, 155, 371, 144, 281, 177, 396, 140, 272, 176, 342, 237, 308, 242, 344, 298, 308, 305, 368, 355, 316, 355],stretch
387,2021-03-04 08:09:18.590410,[289, 125, 298, 119, 288, 119, 318, 123, 0, 0, 335, 149, 288, 154, 376, 145, 257, 170, 413, 140, 244, 172, 333, 239, 301, 244, 348, 295, 303, 304, 365, 354, 313, 356],stretch
388,2021-03-04 08:09:18.756327,[292, 126, 299, 119, 288, 120, 316, 121, 0, 0, 337, 148, 281, 153, 380, 148, 250, 163, 417, 145, 226, 173, 330, 239, 298, 242, 335, 298, 301, 304, 341, 357, 311, 357],stretch
389,2021-03-04 08:09:18.918337,[296, 126, 303, 118, 291, 119, 318, 122, 286, 123, 337, 148, 280, 153, 383, 150, 246, 162, 422, 147, 215, 172, 328, 242, 297, 244, 329, 295, 305, 298, 326, 356, 311, 356],stretch
390,2021-03-04 08:09:19.060086,[300, 123, 307, 116, 295, 117, 320, 120, 287, 122, 339, 147, 281, 153, 387, 150, 246, 161, 427, 149, 211, 170, 330, 240, 297, 244, 332, 296, 307, 300, 328, 357, 312, 356],stretch
391,2021-03-04 08:09:19.253758,[304, 122, 310, 114, 297, 116, 322, 119, 291, 120, 341, 147, 285, 152, 388, 150, 248, 159, 437, 149, 209, 171, 332, 240, 300, 242, 335, 298, 306, 302, 328, 357, 314, 357],stretch
392,2021-03-04 08:09:19.442995,[305, 122, 311, 114, 299, 115, 324, 118, 293, 121, 344, 147, 285, 153, 388, 151, 247, 159, 434, 154, 207, 171, 332, 242, 300, 243, 335, 301, 301, 303, 315, 357, 327, 357],stretch
393,2021-03-04 08:09:19.593225,[305, 124, 312, 117, 299, 117, 322, 121, 291, 122, 340, 149, 282, 153, 382, 153, 244, 159, 418, 155, 205, 170, 331, 240, 296, 243, 337, 302, 287, 302, 331, 358, 284, 355],stretch
394,2021-03-04 08:09:19.756862,[302, 123, 308, 117, 296, 117, 315, 122, 286, 122, 332, 150, 273, 153, 370, 156, 234, 159, 401, 158, 195, 167, 327, 240, 291, 243, 334, 301, 283, 299, 309, 360, 278, 355],stretch
395,2021-03-04 08:09:19.919081,[299, 124, 305, 119, 293, 118, 310, 122, 280, 123, 322, 154, 266, 152, 359, 160, 232, 156, 387, 165, 193, 162, 322, 241, 286, 244, 317, 303, 280, 302, 329, 357, 276, 355],stretch
396,2021-03-04 08:09:20.059675,[300, 125, 304, 120, 293, 119, 306, 124, 278, 124, 315, 153, 264, 152, 355, 163, 231, 155, 375, 167, 200, 159, 317, 242, 284, 245, 328, 301, 279, 305, 329, 356, 277, 354],stretch
397,2021-03-04 08:09:20.240069,[302, 126, 304, 121, 295, 120, 0, 0, 278, 126, 306, 156, 265, 151, 328, 168, 229, 155, 352, 171, 218, 156, 317, 242, 284, 246, 328, 302, 280, 305, 314, 357, 277, 354],stretch
398,2021-03-04 08:09:20.424139,[307, 126, 308, 122, 300, 121, 0, 0, 282, 126, 300, 157, 273, 149, 318, 180, 238, 150, 325, 175, 241, 148, 315, 241, 286, 243, 280, 306, 284, 305, 275, 355, 277, 354],stretch
399,2021-03-04 08:09:20.588984,[309, 127, 309, 123, 302, 122, 0, 0, 283, 128, 298, 154, 281, 151, 0, 0, 263, 147, 0, 0, 275, 147, 311, 241, 286, 241, 281, 305, 320, 302, 309, 354, 329, 355],stretch
400,2021-03-04 08:09:20.756707,[310, 127, 311, 122, 304, 122, 0, 0, 285, 126, 296, 157, 283, 156, 0, 0, 0, 0, 0, 0, 0, 0, 313, 242, 286, 242, 294, 301, 301, 303, 275, 355, 329, 356],stretch
401,2021-03-04 08:09:20.918486,[312, 128, 312, 123, 305, 123, 0, 0, 287, 126, 297, 156, 283, 156, 0, 0, 0, 0, 0, 0, 0, 0, 314, 240, 286, 242, 283, 304, 291, 303, 276, 355, 323, 355],stretch
402,2021-03-04 08:09:21.060104,[312, 128, 313, 123, 305, 122, 0, 0, 286, 126, 302, 153, 281, 152, 0, 0, 0, 0, 0, 0, 0, 0, 315, 241, 286, 242, 292, 303, 287, 306, 308, 354, 277, 354],stretch
403,2021-03-04 08:09:21.255288,[313, 126, 315, 122, 305, 119, 0, 0, 287, 126, 311, 156, 282, 149, 323, 183, 250, 152, 0, 0, 264, 151, 320, 243, 287, 245, 331, 302, 281, 304, 330, 354, 276, 354],stretch
404,2021-03-04 08:09:21.416369,[314, 124, 318, 120, 307, 118, 0, 0, 290, 124, 319, 156, 278, 151, 341, 169, 247, 155, 360, 170, 236, 157, 324, 242, 292, 243, 334, 302, 284, 304, 329, 355, 276, 356],stretch
405,2021-03-04 08:09:21.564223,[314, 124, 318, 119, 307, 117, 323, 123, 294, 124, 331, 152, 283, 152, 371, 163, 255, 154, 387, 164, 224, 161, 330, 242, 297, 244, 338, 303, 287, 302, 331, 357, 280, 355],stretch
406,2021-03-04 08:09:21.722765,[313, 123, 320, 118, 307, 117, 326, 121, 296, 123, 339, 151, 285, 151, 375, 156, 251, 157, 397, 160, 214, 165, 332, 241, 300, 242, 338, 303, 297, 303, 331, 356, 299, 352],stretch
407,2021-03-04 08:09:21.884896,[311, 124, 318, 118, 305, 119, 326, 121, 296, 123, 343, 150, 285, 152, 380, 153, 247, 157, 405, 156, 207, 167, 333, 242, 301, 246, 337, 302, 306, 303, 329, 356, 314, 355],stretch
408,2021-03-04 08:09:22.089827,[307, 125, 313, 118, 300, 119, 323, 122, 293, 123, 341, 149, 282, 153, 380, 153, 245, 159, 408, 155, 205, 170, 333, 240, 300, 244, 334, 297, 303, 301, 326, 356, 317, 356],stretch
409,2021-03-04 08:09:22.255740,[305, 125, 312, 118, 299, 119, 323, 122, 292, 124, 342, 149, 284, 154, 383, 153, 244, 162, 409, 155, 206, 173, 334, 238, 302, 241, 348, 297, 303, 301, 359, 354, 312, 357],stretch
410,2021-03-04 08:09:22.417519,[307, 125, 314, 119, 302, 120, 326, 120, 296, 123, 347, 149, 288, 155, 392, 152, 251, 163, 436, 153, 217, 176, 339, 241, 305, 243, 355, 294, 307, 300, 367, 354, 313, 357],stretch
411,2021-03-04 08:09:22.587390,[312, 124, 319, 118, 306, 118, 332, 121, 300, 123, 352, 147, 293, 156, 399, 147, 259, 169, 442, 145, 227, 183, 345, 241, 310, 244, 357, 293, 309, 302, 366, 353, 315, 355],stretch
412,2021-03-04 08:09:22.755409,[315, 126, 322, 117, 309, 120, 336, 121, 303, 124, 355, 147, 300, 157, 401, 143, 268, 174, 0, 0, 247, 182, 348, 242, 312, 245, 358, 300, 311, 303, 367, 355, 316, 356],stretch
413,2021-03-04 08:09:22.946380,[316, 125, 323, 117, 310, 120, 337, 122, 305, 125, 354, 148, 307, 158, 393, 141, 284, 179, 429, 135, 272, 183, 348, 241, 314, 244, 357, 297, 312, 303, 368, 355, 317, 356],stretch
414,2021-03-04 08:09:23.120975,[315, 124, 321, 118, 309, 120, 336, 123, 0, 0, 349, 147, 320, 152, 375, 140, 0, 0, 392, 132, 0, 0, 349, 239, 318, 242, 355, 294, 315, 302, 368, 354, 318, 356],stretch
415,2021-03-04 08:09:23.289192,[313, 125, 320, 118, 308, 120, 335, 124, 0, 0, 342, 145, 322, 149, 372, 134, 0, 0, 369, 135, 0, 0, 350, 238, 319, 242, 351, 296, 314, 302, 314, 360, 319, 356],stretch
416,2021-03-04 08:09:23.449668,[312, 125, 320, 119, 307, 120, 335, 124, 0, 0, 339, 147, 324, 149, 355, 140, 0, 0, 356, 135, 354, 134, 348, 239, 319, 242, 316, 303, 317, 303, 315, 360, 319, 355],stretch
417,2021-03-04 08:09:23.593799,[312, 125, 319, 119, 306, 120, 335, 124, 0, 0, 339, 147, 323, 148, 353, 142, 0, 0, 355, 137, 353, 136, 348, 239, 318, 243, 316, 303, 316, 303, 315, 360, 319, 355],stretch
418,2021-03-04 08:09:23.768648,[311, 125, 318, 119, 306, 120, 335, 123, 0, 0, 341, 147, 322, 149, 365, 141, 0, 0, 373, 138, 0, 0, 348, 238, 318, 242, 353, 296, 314, 302, 315, 360, 319, 356],stretch
419,2021-03-04 08:09:23.916997,[312, 125, 320, 119, 307, 120, 335, 123, 0, 0, 347, 147, 318, 152, 372, 145, 0, 0, 392, 138, 393, 136, 349, 240, 317, 245, 355, 295, 314, 303, 368, 354, 319, 356],stretch
420,2021-03-04 08:09:24.058684,[313, 124, 319, 117, 307, 119, 334, 122, 303, 125, 352, 148, 309, 157, 382, 145, 292, 180, 407, 140, 283, 177, 348, 239, 315, 244, 356, 295, 313, 302, 369, 355, 318, 356],stretch
421,2021-03-04 08:09:24.222353,[311, 123, 318, 117, 306, 118, 332, 120, 300, 123, 351, 147, 300, 155, 395, 144, 274, 173, 429, 138, 256, 178, 346, 242, 311, 245, 356, 296, 311, 304, 368, 354, 316, 356],stretch
422,2021-03-04 08:09:24.383682,[308, 125, 314, 118, 302, 119, 328, 120, 297, 124, 347, 147, 291, 155, 387, 146, 256, 169, 425, 144, 231, 179, 342, 241, 308, 244, 355, 295, 309, 304, 367, 354, 315, 356],stretch
423,2021-03-04 08:09:24.533819,[306, 125, 312, 117, 300, 119, 324, 121, 294, 124, 342, 147, 287, 155, 386, 148, 252, 163, 429, 150, 222, 174, 337, 237, 304, 240, 354, 294, 307, 302, 366, 353, 314, 356],stretch
424,2021-03-04 08:09:24.698407,[305, 124, 311, 118, 299, 119, 321, 122, 290, 123, 338, 149, 280, 154, 383, 152, 242, 162, 423, 153, 207, 173, 333, 238, 300, 242, 347, 296, 303, 303, 357, 355, 312, 356],stretch
425,2021-03-04 08:09:24.850075,[304, 124, 310, 118, 297, 118, 319, 122, 288, 123, 336, 148, 278, 153, 376, 153, 239, 162, 414, 154, 203, 173, 331, 238, 299, 241, 334, 292, 305, 297, 325, 357, 311, 357],stretch
426,2021-03-04 08:09:24.990565,[305, 124, 312, 117, 298, 117, 321, 121, 290, 123, 338, 149, 281, 153, 380, 154, 241, 162, 408, 155, 204, 173, 331, 240, 300, 241, 333, 297, 306, 300, 327, 357, 312, 356],stretch
427,2021-03-04 08:09:25.159740,[308, 124, 314, 117, 300, 117, 323, 121, 292, 122, 341, 149, 282, 154, 383, 153, 242, 162, 416, 154, 207, 173, 333, 243, 300, 245, 335, 299, 302, 302, 324, 356, 321, 356],stretch
428,2021-03-04 08:09:25.318323,[308, 124, 315, 118, 301, 117, 323, 122, 293, 123, 340, 149, 282, 154, 381, 154, 241, 162, 411, 156, 204, 173, 332, 241, 298, 243, 337, 301, 292, 302, 329, 357, 296, 353],stretch
429,2021-03-04 08:09:25.511481,[306, 125, 313, 119, 300, 119, 320, 124, 289, 123, 334, 152, 276, 153, 371, 156, 237, 161, 398, 158, 201, 170, 330, 241, 294, 244, 337, 298, 286, 299, 300, 361, 279, 356],stretch
430,2021-03-04 08:09:25.688041,[300, 123, 306, 118, 294, 118, 312, 123, 283, 123, 324, 156, 271, 152, 362, 163, 236, 157, 390, 171, 200, 162, 322, 241, 287, 244, 318, 301, 281, 301, 329, 357, 280, 355],stretch
431,2021-03-04 08:09:25.849814,[299, 125, 304, 120, 292, 120, 309, 124, 280, 124, 318, 157, 267, 151, 354, 171, 234, 155, 375, 177, 210, 158, 316, 242, 284, 246, 326, 300, 280, 305, 312, 359, 279, 356],stretch
432,2021-03-04 08:09:25.989325,[299, 125, 303, 120, 292, 120, 307, 125, 279, 124, 312, 158, 267, 151, 340, 176, 238, 157, 362, 183, 221, 160, 315, 242, 284, 245, 326, 302, 279, 306, 309, 359, 279, 356],stretch
433,2021-03-04 08:09:26.155423,[299, 125, 303, 121, 292, 120, 307, 126, 279, 124, 309, 158, 268, 149, 334, 179, 242, 157, 353, 183, 235, 157, 315, 242, 284, 246, 327, 302, 280, 306, 312, 359, 280, 356],stretch
434,2021-03-04 08:09:26.342521,[301, 126, 304, 122, 293, 121, 307, 126, 279, 127, 307, 158, 272, 149, 327, 183, 246, 152, 337, 182, 241, 151, 315, 242, 285, 244, 327, 300, 281, 304, 309, 353, 280, 355],stretch
435,2021-03-04 08:09:26.499606,[300, 126, 303, 121, 293, 121, 306, 126, 279, 126, 299, 156, 276, 152, 310, 180, 266, 145, 0, 0, 276, 145, 312, 239, 282, 240, 283, 307, 286, 307, 278, 356, 279, 355],stretch
436,2021-03-04 08:09:26.657138,[302, 127, 304, 123, 295, 121, 306, 127, 278, 125, 292, 157, 277, 155, 0, 0, 0, 0, 0, 0, 0, 0, 312, 241, 284, 243, 290, 302, 301, 303, 307, 358, 329, 356],stretch
437,2021-03-04 08:09:26.815980,[303, 128, 305, 124, 297, 122, 0, 0, 281, 126, 294, 155, 277, 150, 0, 0, 0, 0, 0, 0, 0, 0, 310, 239, 286, 242, 299, 299, 290, 303, 306, 354, 333, 356],stretch
