0,2021-03-04 08:05:14.711705,[321, 163, 327, 157, 317, 157, 342, 158, 0, 0, 349, 178, 319, 184, 320, 186, 290, 193, 265, 195, 265, 196, 373, 256, 355, 259, 333, 303, 332, 302, 350, 359, 356, 358],squat_right
1,2021-03-04 08:05:15.115714,[318, 164, 324, 157, 313, 157, 340, 158, 0, 0, 348, 186, 331, 185, 336, 228, 328, 229, 321, 272, 317, 272, 369, 260, 352, 261, 333, 304, 330, 303, 350, 358, 355, 358],squat_right
2,2021-03-04 08:05:15.240477,[319, 164, 326, 158, 315, 158, 343, 159, 0, 0, 344, 186, 339, 185, 309, 219, 312, 221, 0, 0, 279, 245, 374, 259, 359, 260, 332, 305, 330, 303, 350, 358, 354, 358],squat_right
3,2021-03-04 08:05:15.374436,[320, 163, 326, 158, 316, 158, 343, 159, 0, 0, 342, 182, 328, 188, 293, 197, 292, 199, 0, 0, 254, 207, 373, 260, 355, 261, 332, 305, 329, 304, 350, 358, 354, 357],squat_right
4,2021-03-04 08:05:15.518427,[321, 164, 328, 158, 318, 159, 343, 159, 0, 0, 346, 179, 326, 182, 298, 189, 290, 187, 260, 189, 259, 189, 372, 258, 350, 260, 332, 306, 329, 304, 351, 358, 353, 358],squat_right
5,2021-03-04 08:05:15.675518,[322, 164, 328, 158, 318, 159, 343, 159, 0, 0, 347, 178, 320, 183, 316, 182, 288, 183, 263, 187, 262, 187, 372, 257, 349, 259, 332, 305, 329, 304, 350, 358, 354, 358],squat_right
6,2021-03-04 08:05:15.856322,[321, 164, 327, 159, 318, 159, 342, 160, 0, 0, 347, 178, 321, 184, 324, 188, 289, 185, 263, 189, 261, 190, 372, 258, 351, 260, 332, 305, 329, 304, 351, 358, 354, 358],squat_right
7,2021-03-04 08:05:16.012280,[321, 164, 327, 159, 318, 159, 343, 160, 0, 0, 346, 179, 336, 180, 314, 185, 295, 187, 265, 190, 262, 191, 372, 259, 352, 260, 332, 305, 329, 304, 351, 358, 353, 358],squat_right
8,2021-03-04 08:05:16.146008,[321, 164, 327, 159, 317, 159, 343, 160, 0, 0, 346, 179, 324, 181, 299, 189, 294, 187, 263, 191, 261, 192, 372, 259, 355, 261, 332, 305, 329, 304, 350, 358, 353, 358],squat_right
9,2021-03-04 08:05:16.281745,[321, 165, 327, 160, 318, 160, 343, 161, 0, 0, 346, 179, 324, 182, 302, 190, 293, 188, 264, 192, 263, 192, 373, 259, 354, 261, 332, 304, 329, 303, 350, 358, 353, 358],squat_right
10,2021-03-04 08:05:16.444903,[320, 166, 326, 160, 318, 160, 343, 163, 0, 0, 344, 183, 332, 187, 302, 194, 289, 191, 264, 194, 262, 194, 374, 262, 356, 264, 330, 305, 329, 304, 350, 359, 353, 358],squat_right
11,2021-03-04 08:05:16.580782,[320, 169, 326, 164, 317, 163, 342, 168, 0, 0, 343, 188, 328, 191, 301, 197, 288, 193, 262, 198, 261, 198, 374, 267, 357, 269, 329, 307, 327, 306, 349, 359, 355, 358],squat_right
12,2021-03-04 08:05:16.715806,[320, 175, 327, 168, 318, 169, 342, 172, 0, 0, 344, 193, 329, 196, 300, 199, 291, 199, 261, 202, 260, 203, 375, 270, 355, 272, 328, 309, 325, 308, 348, 360, 355, 359],squat_right
13,2021-03-04 08:05:16.900799,[321, 179, 327, 174, 318, 174, 343, 176, 0, 0, 345, 196, 341, 196, 312, 202, 295, 202, 261, 205, 260, 205, 376, 271, 353, 273, 327, 310, 324, 309, 348, 360, 356, 359],squat_right
14,2021-03-04 08:05:17.045376,[321, 180, 326, 174, 318, 174, 343, 176, 0, 0, 346, 197, 330, 199, 300, 204, 290, 203, 260, 207, 258, 208, 375, 272, 356, 274, 326, 310, 323, 309, 349, 360, 357, 359],squat_right
15,2021-03-04 08:05:17.180975,[321, 179, 327, 172, 318, 173, 344, 175, 0, 0, 345, 194, 326, 198, 306, 201, 291, 201, 262, 204, 261, 205, 376, 271, 358, 273, 328, 309, 324, 308, 349, 360, 356, 359],squat_right
16,2021-03-04 08:05:17.315175,[319, 172, 326, 165, 317, 166, 341, 169, 0, 0, 344, 189, 324, 192, 301, 197, 288, 195, 262, 199, 261, 200, 375, 266, 357, 268, 329, 307, 326, 306, 348, 359, 354, 358],squat_right
17,2021-03-04 08:05:17.475336,[321, 164, 327, 159, 318, 159, 343, 160, 0, 0, 345, 179, 325, 183, 301, 190, 294, 189, 263, 192, 261, 193, 373, 259, 355, 260, 332, 305, 330, 303, 351, 359, 353, 358],squat_right
18,2021-03-04 08:05:17.613864,[321, 159, 327, 152, 318, 154, 342, 154, 0, 0, 348, 174, 325, 180, 307, 183, 294, 183, 265, 186, 265, 187, 373, 257, 356, 258, 334, 303, 332, 302, 352, 359, 354, 359],squat_right
19,2021-03-04 08:05:17.778721,[319, 151, 325, 144, 317, 145, 343, 146, 0, 0, 349, 166, 327, 172, 307, 178, 293, 176, 266, 181, 265, 182, 371, 250, 355, 253, 337, 300, 336, 300, 354, 359, 355, 358],squat_right
20,2021-03-04 08:05:17.943489,[319, 141, 326, 132, 316, 135, 342, 134, 0, 0, 349, 155, 326, 161, 306, 167, 292, 167, 265, 172, 265, 173, 368, 244, 352, 246, 343, 297, 346, 297, 357, 357, 357, 356],squat_right
21,2021-03-04 08:05:18.081834,[318, 138, 323, 132, 315, 133, 340, 129, 0, 0, 350, 149, 335, 152, 308, 162, 297, 162, 264, 167, 265, 167, 365, 242, 356, 242, 345, 297, 350, 296, 359, 358, 360, 357],squat_right
22,2021-03-04 08:05:18.244961,[319, 135, 323, 129, 0, 0, 340, 127, 0, 0, 343, 150, 352, 148, 302, 161, 302, 158, 268, 164, 269, 164, 362, 240, 351, 241, 346, 295, 348, 295, 358, 358, 361, 358],squat_right
23,2021-03-04 08:05:18.384900,[320, 133, 325, 129, 0, 0, 341, 127, 0, 0, 349, 150, 354, 150, 303, 162, 303, 158, 271, 163, 272, 164, 361, 241, 350, 243, 344, 297, 348, 296, 358, 357, 362, 357],squat_right
24,2021-03-04 08:05:18.550473,[321, 134, 326, 129, 0, 0, 341, 128, 0, 0, 350, 151, 350, 151, 308, 162, 328, 158, 271, 163, 271, 164, 360, 242, 351, 243, 343, 298, 349, 297, 357, 358, 362, 358],squat_right
25,2021-03-04 08:05:18.747023,[321, 140, 324, 134, 0, 0, 340, 137, 0, 0, 347, 160, 348, 159, 303, 166, 307, 166, 269, 169, 269, 169, 362, 248, 356, 248, 341, 299, 343, 299, 355, 358, 359, 358],squat_right
26,2021-03-04 08:05:18.914310,[317, 158, 322, 151, 0, 0, 341, 153, 0, 0, 345, 174, 347, 172, 304, 182, 300, 180, 261, 184, 261, 184, 370, 257, 358, 258, 333, 305, 330, 304, 351, 359, 356, 358],squat_right
27,2021-03-04 08:05:19.083303,[315, 170, 319, 164, 0, 0, 332, 164, 0, 0, 342, 183, 348, 182, 302, 194, 300, 193, 261, 196, 261, 196, 367, 266, 368, 266, 328, 308, 326, 307, 351, 358, 357, 357],squat_right
28,2021-03-04 08:05:19.250536,[312, 179, 317, 174, 0, 0, 333, 175, 0, 0, 339, 196, 349, 194, 298, 204, 294, 202, 259, 205, 259, 205, 372, 274, 362, 273, 325, 312, 322, 311, 350, 359, 357, 358],squat_right
29,2021-03-04 08:05:19.413914,[311, 183, 316, 178, 0, 0, 329, 181, 0, 0, 336, 202, 349, 198, 294, 212, 300, 211, 259, 214, 259, 214, 371, 280, 372, 279, 324, 313, 321, 313, 353, 358, 354, 357],squat_right
30,2021-03-04 08:05:19.619317,[311, 186, 315, 180, 0, 0, 331, 182, 0, 0, 335, 205, 348, 199, 288, 214, 291, 211, 256, 218, 258, 218, 371, 281, 377, 280, 324, 313, 321, 313, 353, 357, 352, 357],squat_right
31,2021-03-04 08:05:19.784733,[315, 188, 320, 181, 312, 182, 336, 181, 0, 0, 342, 201, 332, 204, 294, 212, 287, 211, 256, 217, 258, 217, 375, 277, 354, 278, 326, 312, 321, 312, 352, 358, 355, 357],squat_right
32,2021-03-04 08:05:19.947610,[315, 185, 321, 178, 311, 179, 336, 178, 0, 0, 336, 200, 328, 204, 292, 211, 288, 211, 259, 216, 260, 216, 375, 277, 357, 277, 326, 310, 322, 310, 350, 359, 355, 358],squat_right
33,2021-03-04 08:05:20.086977,[315, 188, 321, 181, 311, 182, 336, 180, 0, 0, 335, 203, 337, 204, 293, 214, 288, 214, 260, 218, 261, 219, 376, 278, 363, 278, 326, 312, 322, 312, 352, 358, 356, 357],squat_right
34,2021-03-04 08:05:20.251028,[316, 188, 321, 181, 312, 182, 337, 182, 0, 0, 338, 203, 331, 206, 298, 214, 289, 215, 260, 221, 261, 222, 375, 277, 359, 278, 326, 312, 321, 312, 352, 358, 354, 357],squat_right
35,2021-03-04 08:05:20.432215,[316, 186, 322, 180, 312, 181, 337, 180, 0, 0, 340, 201, 329, 205, 297, 214, 289, 214, 262, 218, 262, 219, 375, 277, 356, 278, 325, 312, 321, 312, 352, 359, 355, 358],squat_right
36,2021-03-04 08:05:20.615800,[318, 180, 323, 173, 314, 174, 338, 173, 0, 0, 343, 192, 321, 199, 315, 201, 292, 205, 261, 210, 261, 210, 374, 270, 353, 272, 328, 309, 325, 309, 351, 358, 356, 357],squat_right
37,2021-03-04 08:05:20.782688,[318, 167, 324, 160, 314, 161, 339, 161, 0, 0, 346, 181, 326, 187, 301, 195, 292, 195, 261, 199, 262, 199, 373, 260, 352, 263, 331, 305, 330, 304, 352, 358, 356, 357],squat_right
38,2021-03-04 08:05:20.946719,[319, 158, 325, 150, 315, 151, 340, 151, 0, 0, 348, 171, 324, 177, 305, 183, 292, 183, 262, 189, 262, 190, 373, 252, 356, 255, 337, 302, 337, 302, 353, 358, 356, 358],squat_right
39,2021-03-04 08:05:21.116119,[321, 145, 326, 138, 317, 140, 342, 140, 0, 0, 349, 160, 327, 168, 314, 169, 295, 174, 264, 180, 263, 180, 370, 245, 356, 248, 342, 299, 346, 298, 356, 358, 357, 358],squat_right
40,2021-03-04 08:05:21.315994,[321, 136, 328, 129, 318, 130, 344, 130, 0, 0, 351, 149, 323, 158, 306, 163, 295, 165, 267, 170, 268, 170, 372, 241, 357, 243, 347, 298, 347, 297, 359, 358, 359, 358],squat_right
41,2021-03-04 08:05:21.480344,[323, 136, 330, 129, 320, 131, 346, 130, 0, 0, 353, 150, 329, 157, 312, 163, 299, 163, 272, 167, 272, 167, 369, 243, 357, 244, 346, 297, 346, 297, 357, 359, 357, 359],squat_right
42,2021-03-04 08:05:21.648265,[324, 140, 331, 132, 321, 134, 347, 135, 0, 0, 354, 155, 326, 165, 312, 165, 298, 168, 270, 171, 270, 172, 370, 245, 354, 247, 343, 298, 346, 298, 356, 360, 357, 360],squat_right
43,2021-03-04 08:05:21.816461,[326, 146, 332, 141, 321, 140, 348, 143, 0, 0, 352, 164, 320, 173, 321, 172, 293, 173, 269, 178, 267, 179, 370, 248, 358, 251, 341, 299, 343, 299, 354, 360, 354, 360],squat_right
44,2021-03-04 08:05:21.979958,[324, 156, 328, 151, 319, 153, 344, 152, 0, 0, 350, 172, 326, 179, 307, 182, 296, 183, 269, 188, 268, 188, 374, 256, 359, 258, 336, 303, 333, 302, 352, 359, 354, 359],squat_right
45,2021-03-04 08:05:22.163633,[320, 167, 326, 161, 318, 161, 343, 161, 0, 0, 345, 181, 344, 182, 303, 194, 298, 192, 268, 196, 266, 196, 374, 262, 357, 263, 331, 305, 330, 304, 350, 359, 353, 358],squat_right
46,2021-03-04 08:05:22.317477,[320, 176, 326, 168, 318, 171, 342, 171, 0, 0, 347, 190, 326, 197, 304, 200, 295, 200, 265, 202, 263, 203, 375, 269, 356, 272, 329, 306, 327, 305, 351, 360, 351, 359],squat_right
47,2021-03-04 08:05:22.479947,[320, 180, 326, 175, 317, 175, 341, 176, 0, 0, 345, 195, 324, 202, 317, 202, 291, 206, 261, 210, 260, 210, 375, 273, 353, 274, 327, 308, 325, 307, 350, 360, 355, 359],squat_right
48,2021-03-04 08:05:22.649284,[318, 184, 323, 177, 314, 178, 339, 178, 0, 0, 342, 199, 334, 203, 299, 211, 290, 209, 262, 214, 262, 214, 374, 275, 354, 277, 326, 310, 323, 310, 351, 361, 355, 360],squat_right
49,2021-03-04 08:05:22.816052,[317, 186, 323, 179, 313, 179, 339, 181, 0, 0, 344, 201, 320, 205, 300, 213, 287, 213, 261, 216, 260, 217, 375, 279, 352, 281, 324, 311, 321, 311, 351, 361, 353, 360],squat_right
50,2021-03-04 08:05:23.002531,[315, 187, 321, 180, 312, 181, 337, 180, 0, 0, 342, 200, 323, 204, 322, 213, 288, 211, 261, 215, 261, 216, 373, 277, 353, 279, 323, 311, 320, 311, 351, 361, 352, 360],squat_right
51,2021-03-04 08:05:23.182569,[312, 181, 317, 176, 310, 176, 335, 173, 0, 0, 341, 192, 341, 192, 301, 202, 297, 202, 260, 205, 260, 205, 372, 271, 353, 272, 327, 308, 324, 307, 351, 361, 352, 360],squat_right
52,2021-03-04 08:05:23.353482,[311, 165, 316, 160, 0, 0, 330, 159, 0, 0, 338, 180, 345, 178, 296, 191, 293, 188, 262, 194, 262, 195, 369, 259, 357, 260, 331, 306, 329, 305, 352, 360, 352, 359],squat_right
53,2021-03-04 08:05:23.518488,[311, 149, 315, 144, 0, 0, 330, 144, 0, 0, 338, 166, 345, 163, 296, 177, 296, 172, 265, 181, 266, 181, 362, 248, 366, 247, 338, 301, 336, 300, 353, 358, 353, 358],squat_right
54,2021-03-04 08:05:23.684887,[313, 135, 316, 130, 0, 0, 329, 130, 0, 0, 339, 150, 345, 149, 300, 162, 297, 159, 266, 164, 266, 164, 360, 239, 357, 240, 345, 297, 347, 296, 356, 358, 357, 358],squat_right
55,2021-03-04 08:05:23.863416,[317, 132, 321, 128, 0, 0, 335, 126, 0, 0, 340, 148, 346, 145, 306, 156, 298, 154, 270, 159, 272, 160, 359, 234, 349, 235, 351, 294, 351, 294, 363, 359, 362, 358],squat_right
56,2021-03-04 08:05:24.046246,[320, 129, 324, 124, 0, 0, 339, 125, 0, 0, 343, 147, 347, 146, 306, 154, 299, 151, 269, 158, 270, 158, 358, 234, 348, 236, 351, 295, 351, 294, 363, 359, 362, 358],squat_right
57,2021-03-04 08:05:24.215053,[318, 134, 322, 129, 0, 0, 338, 129, 0, 0, 342, 152, 351, 149, 303, 162, 300, 161, 266, 161, 266, 162, 357, 241, 353, 242, 344, 297, 345, 296, 355, 359, 357, 359],squat_right
58,2021-03-04 08:05:24.383843,[316, 148, 320, 143, 0, 0, 335, 143, 0, 0, 342, 164, 348, 163, 306, 173, 298, 171, 265, 175, 266, 175, 361, 250, 355, 251, 336, 302, 336, 301, 354, 360, 354, 360],squat_right
59,2021-03-04 08:05:24.547062,[315, 162, 318, 157, 0, 0, 333, 158, 0, 0, 340, 178, 348, 176, 302, 187, 298, 186, 263, 191, 263, 190, 369, 259, 362, 259, 332, 306, 329, 305, 352, 360, 353, 359],squat_right
60,2021-03-04 08:05:24.734854,[312, 170, 315, 165, 0, 0, 328, 166, 0, 0, 338, 189, 345, 186, 295, 198, 301, 198, 261, 203, 261, 203, 370, 269, 370, 269, 328, 307, 327, 306, 350, 360, 353, 359],squat_right
61,2021-03-04 08:05:24.915590,[310, 183, 314, 178, 0, 0, 328, 180, 0, 0, 335, 200, 348, 196, 291, 211, 292, 208, 259, 215, 260, 214, 368, 277, 376, 276, 324, 310, 321, 310, 350, 361, 354, 360],squat_right
62,2021-03-04 08:05:25.079381,[310, 192, 313, 185, 0, 0, 328, 185, 0, 0, 334, 208, 346, 202, 289, 217, 293, 217, 253, 222, 253, 222, 373, 281, 375, 280, 324, 311, 321, 310, 351, 360, 351, 359],squat_right
63,2021-03-04 08:05:25.247649,[308, 195, 312, 189, 0, 0, 327, 188, 0, 0, 331, 210, 345, 205, 288, 220, 285, 221, 252, 226, 253, 225, 371, 283, 379, 282, 322, 312, 319, 311, 351, 360, 350, 359],squat_right
64,2021-03-04 08:05:25.415592,[308, 192, 310, 185, 0, 0, 325, 184, 0, 0, 330, 208, 344, 201, 289, 218, 294, 216, 253, 223, 254, 223, 370, 281, 376, 280, 321, 312, 319, 312, 350, 360, 353, 359],squat_right
65,2021-03-04 08:05:25.595425,[307, 184, 311, 178, 0, 0, 325, 177, 0, 0, 330, 199, 345, 195, 286, 210, 0, 0, 253, 213, 255, 212, 365, 275, 375, 274, 324, 310, 320, 309, 351, 361, 352, 360],squat_right
66,2021-03-04 08:05:25.748511,[308, 170, 311, 164, 0, 0, 324, 163, 0, 0, 333, 184, 346, 181, 299, 194, 299, 194, 255, 200, 257, 200, 363, 261, 370, 261, 330, 306, 327, 305, 352, 361, 352, 360],squat_right
67,2021-03-04 08:05:25.915251,[308, 151, 312, 146, 0, 0, 326, 146, 0, 0, 336, 166, 343, 165, 301, 176, 298, 176, 255, 183, 256, 182, 360, 248, 360, 248, 335, 303, 333, 302, 354, 361, 354, 360],squat_right
68,2021-03-04 08:05:26.078891,[310, 138, 313, 132, 0, 0, 328, 133, 0, 0, 338, 152, 338, 152, 310, 160, 299, 162, 259, 166, 260, 166, 359, 239, 351, 241, 344, 297, 344, 296, 356, 359, 357, 359],squat_right
69,2021-03-04 08:05:26.247416,[314, 131, 319, 127, 0, 0, 333, 127, 0, 0, 337, 147, 343, 147, 300, 155, 296, 154, 263, 159, 262, 159, 357, 235, 349, 237, 350, 296, 350, 295, 363, 360, 361, 359],squat_right
70,2021-03-04 08:05:26.440627,[314, 131, 320, 127, 0, 0, 335, 128, 0, 0, 339, 148, 341, 147, 303, 155, 297, 154, 263, 159, 263, 160, 357, 236, 348, 237, 348, 297, 348, 296, 361, 360, 360, 359],squat_right
71,2021-03-04 08:05:26.614662,[311, 135, 316, 130, 0, 0, 330, 133, 0, 0, 339, 152, 341, 151, 298, 163, 300, 162, 261, 163, 261, 163, 358, 240, 350, 242, 343, 297, 342, 297, 356, 360, 356, 359],squat_right
72,2021-03-04 08:05:26.782926,[313, 147, 317, 143, 0, 0, 333, 144, 0, 0, 339, 164, 343, 162, 296, 170, 293, 169, 258, 174, 259, 174, 361, 248, 351, 250, 336, 303, 336, 302, 354, 361, 354, 361],squat_right
73,2021-03-04 08:05:26.951443,[311, 154, 314, 148, 0, 0, 329, 150, 0, 0, 336, 171, 343, 169, 289, 180, 298, 178, 260, 184, 260, 183, 364, 254, 363, 255, 332, 305, 329, 304, 354, 360, 354, 360],squat_right
74,2021-03-04 08:05:27.114392,[311, 165, 315, 161, 0, 0, 330, 159, 0, 0, 338, 181, 345, 178, 293, 190, 314, 185, 257, 194, 257, 194, 368, 261, 363, 261, 330, 306, 328, 305, 352, 360, 353, 359],squat_right
75,2021-03-04 08:05:27.282477,[311, 172, 314, 166, 0, 0, 328, 166, 0, 0, 337, 188, 343, 184, 289, 197, 296, 196, 255, 203, 257, 202, 368, 268, 370, 268, 328, 307, 326, 306, 351, 361, 353, 360],squat_right
76,2021-03-04 08:05:27.450289,[308, 182, 313, 176, 0, 0, 327, 174, 0, 0, 334, 197, 345, 193, 288, 206, 280, 207, 249, 210, 249, 210, 369, 273, 371, 272, 327, 309, 324, 309, 350, 361, 352, 360],squat_right
77,2021-03-04 08:05:27.616209,[307, 185, 311, 180, 0, 0, 325, 179, 0, 0, 332, 200, 345, 197, 284, 211, 291, 208, 256, 214, 257, 214, 367, 276, 375, 275, 324, 311, 320, 310, 350, 361, 352, 360],squat_right
78,2021-03-04 08:05:27.782826,[306, 188, 309, 182, 0, 0, 323, 182, 0, 0, 330, 203, 342, 199, 284, 214, 284, 213, 249, 219, 252, 219, 367, 279, 374, 278, 321, 312, 318, 312, 349, 361, 353, 360],squat_right
79,2021-03-04 08:05:27.948925,[305, 191, 307, 184, 0, 0, 324, 185, 0, 0, 328, 209, 341, 203, 282, 218, 282, 218, 241, 221, 241, 221, 368, 280, 376, 279, 320, 313, 317, 312, 349, 360, 353, 360],squat_right
80,2021-03-04 08:05:28.151810,[304, 195, 308, 188, 0, 0, 325, 187, 0, 0, 330, 209, 335, 207, 286, 221, 270, 222, 242, 223, 242, 223, 369, 282, 375, 282, 318, 313, 315, 312, 350, 360, 353, 359],squat_right
81,2021-03-04 08:05:28.313298,[306, 194, 312, 188, 304, 189, 329, 188, 0, 0, 331, 207, 332, 208, 299, 218, 285, 220, 238, 224, 237, 224, 370, 282, 369, 282, 317, 313, 314, 313, 350, 361, 352, 360],squat_right
82,2021-03-04 08:05:28.481067,[307, 193, 313, 187, 303, 189, 329, 186, 0, 0, 333, 205, 327, 209, 301, 216, 280, 220, 0, 0, 240, 223, 371, 281, 368, 281, 318, 313, 315, 313, 350, 361, 353, 360],squat_right
83,2021-03-04 08:05:28.646862,[308, 193, 314, 186, 303, 188, 330, 186, 0, 0, 334, 205, 324, 211, 300, 216, 281, 220, 246, 223, 245, 223, 371, 282, 364, 281, 318, 313, 315, 313, 350, 360, 353, 360],squat_right
84,2021-03-04 08:05:28.826713,[308, 192, 314, 185, 304, 187, 331, 185, 0, 0, 334, 205, 310, 220, 293, 218, 283, 220, 245, 223, 243, 222, 371, 281, 360, 281, 318, 313, 315, 313, 349, 361, 352, 360],squat_right
85,2021-03-04 08:05:29.015328,[306, 186, 313, 179, 304, 181, 329, 180, 0, 0, 329, 200, 338, 200, 283, 213, 282, 211, 244, 219, 245, 218, 365, 277, 370, 276, 319, 313, 316, 312, 348, 360, 352, 359],squat_right
86,2021-03-04 08:05:29.179514,[307, 176, 313, 167, 304, 171, 329, 169, 0, 0, 336, 187, 320, 195, 301, 198, 289, 203, 248, 208, 248, 208, 369, 265, 351, 268, 327, 307, 324, 307, 349, 361, 354, 360],squat_right
87,2021-03-04 08:05:29.347284,[309, 163, 316, 156, 306, 159, 330, 158, 0, 0, 335, 175, 325, 180, 294, 188, 289, 190, 251, 195, 252, 195, 369, 255, 356, 257, 332, 304, 329, 303, 352, 361, 353, 360],squat_right
88,2021-03-04 08:05:29.516196,[310, 150, 317, 143, 306, 144, 332, 144, 0, 0, 335, 164, 310, 174, 292, 177, 284, 175, 253, 183, 255, 183, 366, 246, 349, 250, 338, 301, 336, 301, 353, 360, 353, 360],squat_right
89,2021-03-04 08:05:29.710378,[313, 141, 319, 134, 309, 136, 335, 135, 0, 0, 337, 157, 324, 161, 294, 166, 287, 167, 256, 172, 258, 173, 366, 241, 351, 244, 345, 298, 345, 297, 356, 359, 356, 359],squat_right
90,2021-03-04 08:05:29.883080,[315, 139, 321, 132, 311, 133, 336, 132, 0, 0, 342, 152, 328, 157, 300, 163, 289, 161, 262, 167, 262, 167, 366, 241, 351, 243, 347, 298, 346, 297, 356, 359, 356, 358],squat_right
91,2021-03-04 08:05:30.048204,[318, 141, 325, 133, 315, 135, 340, 135, 0, 0, 346, 154, 320, 158, 305, 166, 289, 164, 262, 168, 262, 169, 366, 243, 352, 245, 344, 299, 344, 299, 356, 359, 356, 358],squat_right
92,2021-03-04 08:05:30.212762,[320, 148, 326, 142, 317, 142, 341, 142, 0, 0, 347, 160, 327, 167, 306, 171, 291, 170, 262, 172, 261, 173, 368, 247, 352, 250, 340, 301, 340, 300, 353, 360, 354, 360],squat_right
93,2021-03-04 08:05:30.381313,[320, 158, 326, 151, 317, 152, 341, 152, 0, 0, 347, 171, 321, 175, 327, 179, 290, 179, 262, 185, 262, 184, 372, 252, 354, 257, 335, 303, 332, 302, 352, 361, 353, 361],squat_right
94,2021-03-04 08:05:30.560126,[319, 168, 324, 161, 317, 162, 342, 161, 0, 0, 345, 181, 346, 182, 305, 194, 295, 193, 263, 197, 263, 197, 372, 261, 357, 262, 331, 306, 329, 305, 351, 361, 353, 360],squat_right
95,2021-03-04 08:05:30.707790,[320, 180, 325, 173, 317, 174, 341, 174, 0, 0, 345, 192, 333, 197, 309, 201, 294, 202, 257, 205, 258, 206, 376, 271, 358, 272, 328, 308, 325, 307, 350, 360, 352, 360],squat_right
96,2021-03-04 08:05:30.845145,[319, 185, 324, 178, 316, 179, 341, 178, 0, 0, 344, 198, 327, 205, 303, 210, 295, 208, 262, 212, 262, 212, 374, 277, 359, 276, 326, 309, 323, 308, 350, 360, 353, 360],squat_right
97,2021-03-04 08:05:31.009642,[317, 190, 323, 184, 315, 184, 339, 184, 0, 0, 344, 203, 326, 207, 301, 214, 290, 214, 260, 219, 260, 219, 376, 281, 363, 280, 325, 310, 322, 310, 351, 360, 351, 359],squat_right
98,2021-03-04 08:05:31.144244,[317, 192, 323, 186, 315, 186, 338, 185, 0, 0, 342, 205, 330, 209, 301, 216, 292, 216, 257, 221, 258, 221, 377, 281, 362, 281, 325, 311, 322, 310, 351, 361, 350, 360],squat_right
99,2021-03-04 08:05:31.279741,[317, 191, 322, 186, 315, 186, 338, 186, 0, 0, 340, 206, 331, 209, 300, 215, 294, 214, 259, 219, 260, 219, 377, 282, 367, 281, 325, 311, 322, 310, 351, 360, 351, 359],squat_right
100,2021-03-04 08:05:31.463151,[314, 188, 318, 182, 0, 0, 334, 181, 0, 0, 335, 202, 351, 199, 292, 212, 293, 210, 256, 217, 257, 217, 372, 278, 374, 276, 326, 309, 323, 308, 350, 361, 351, 360],squat_right
101,2021-03-04 08:05:31.609424,[313, 181, 317, 176, 0, 0, 332, 175, 0, 0, 337, 196, 350, 193, 294, 203, 283, 205, 252, 206, 251, 206, 370, 272, 377, 271, 327, 308, 325, 308, 350, 360, 352, 359],squat_right
102,2021-03-04 08:05:31.745895,[312, 170, 315, 164, 0, 0, 330, 165, 0, 0, 335, 186, 350, 181, 294, 197, 264, 197, 257, 199, 258, 198, 367, 265, 375, 264, 331, 306, 328, 304, 351, 360, 351, 360],squat_right
103,2021-03-04 08:05:31.910831,[312, 157, 316, 151, 0, 0, 330, 152, 0, 0, 336, 173, 345, 169, 293, 182, 294, 178, 259, 186, 261, 186, 370, 254, 369, 255, 336, 303, 333, 302, 353, 361, 353, 360],squat_right
104,2021-03-04 08:05:32.044620,[313, 147, 317, 143, 0, 0, 332, 143, 0, 0, 340, 162, 344, 161, 298, 170, 294, 170, 261, 174, 262, 174, 365, 248, 365, 248, 341, 300, 341, 300, 354, 360, 354, 360],squat_right
105,2021-03-04 08:05:32.179478,[313, 138, 316, 131, 0, 0, 330, 132, 0, 0, 338, 152, 347, 148, 296, 162, 291, 158, 259, 162, 258, 162, 361, 240, 362, 241, 346, 296, 346, 296, 356, 359, 356, 358],squat_right
106,2021-03-04 08:05:32.361093,[316, 132, 319, 128, 0, 0, 333, 126, 0, 0, 338, 147, 343, 144, 301, 153, 304, 153, 263, 157, 264, 157, 361, 234, 353, 235, 352, 293, 352, 293, 362, 360, 362, 359],squat_right
107,2021-03-04 08:05:32.509852,[319, 131, 322, 126, 0, 0, 337, 126, 0, 0, 341, 146, 338, 145, 305, 153, 300, 151, 264, 152, 263, 152, 360, 234, 351, 235, 350, 294, 350, 294, 361, 359, 361, 359],squat_right
108,2021-03-04 08:05:32.645681,[318, 133, 321, 128, 0, 0, 335, 127, 0, 0, 340, 148, 349, 145, 299, 156, 296, 152, 263, 156, 264, 155, 357, 237, 357, 237, 347, 294, 347, 293, 356, 358, 357, 358],squat_right
109,2021-03-04 08:05:32.809096,[315, 139, 317, 133, 0, 0, 332, 135, 0, 0, 338, 157, 348, 153, 298, 164, 294, 158, 261, 162, 260, 162, 359, 243, 358, 244, 342, 298, 341, 298, 354, 359, 355, 359],squat_right
110,2021-03-04 08:05:32.943973,[313, 150, 317, 144, 0, 0, 333, 143, 0, 0, 340, 165, 347, 163, 302, 172, 274, 172, 258, 171, 257, 171, 362, 250, 358, 251, 335, 303, 333, 302, 353, 361, 353, 360],squat_right
111,2021-03-04 08:05:33.079395,[315, 162, 319, 157, 314, 157, 333, 156, 0, 0, 340, 175, 344, 174, 301, 183, 301, 182, 260, 185, 260, 184, 370, 256, 355, 259, 332, 306, 328, 304, 353, 361, 352, 360],squat_right
112,2021-03-04 08:05:33.273521,[314, 174, 320, 167, 312, 167, 334, 165, 0, 0, 339, 184, 329, 186, 296, 195, 286, 193, 256, 197, 257, 197, 369, 266, 365, 266, 328, 307, 326, 307, 350, 360, 353, 360],squat_right
113,2021-03-04 08:05:33.447136,[313, 182, 319, 176, 308, 177, 335, 175, 0, 0, 338, 195, 324, 197, 292, 209, 285, 208, 251, 212, 253, 212, 373, 275, 357, 274, 324, 310, 321, 310, 350, 361, 352, 360],squat_right
114,2021-03-04 08:05:33.611785,[312, 189, 318, 183, 308, 185, 332, 182, 0, 0, 335, 201, 334, 204, 293, 214, 285, 214, 251, 219, 253, 219, 372, 279, 360, 280, 322, 312, 318, 312, 349, 361, 350, 360],squat_right
115,2021-03-04 08:05:33.752931,[311, 192, 316, 188, 306, 190, 331, 186, 0, 0, 336, 204, 329, 206, 296, 216, 284, 218, 244, 222, 243, 222, 374, 282, 363, 282, 321, 312, 317, 312, 350, 360, 352, 360],squat_right
116,2021-03-04 08:05:33.910420,[309, 194, 315, 188, 306, 190, 330, 187, 0, 0, 334, 204, 313, 216, 293, 218, 283, 219, 247, 222, 247, 222, 373, 282, 363, 282, 321, 312, 317, 312, 350, 361, 351, 360],squat_right
117,2021-03-04 08:05:34.058654,[309, 194, 315, 188, 306, 190, 330, 186, 0, 0, 335, 204, 323, 207, 294, 217, 284, 218, 245, 222, 244, 221, 372, 281, 363, 281, 321, 312, 316, 312, 350, 360, 352, 359],squat_right
118,2021-03-04 08:05:34.217431,[309, 192, 316, 185, 306, 186, 331, 184, 0, 0, 334, 203, 325, 205, 291, 215, 283, 217, 244, 221, 244, 221, 372, 281, 367, 281, 319, 313, 316, 313, 349, 360, 353, 360],squat_right
119,2021-03-04 08:05:34.376999,[309, 186, 315, 179, 307, 180, 330, 178, 0, 0, 332, 199, 344, 196, 287, 210, 282, 209, 245, 216, 234, 218, 368, 277, 371, 276, 322, 311, 318, 311, 350, 360, 351, 359],squat_right
120,2021-03-04 08:05:34.547832,[312, 174, 318, 168, 309, 169, 333, 168, 0, 0, 335, 185, 337, 187, 290, 197, 285, 198, 252, 203, 254, 203, 370, 265, 362, 266, 328, 306, 326, 306, 350, 360, 353, 360],squat_right
121,2021-03-04 08:05:34.713483,[313, 162, 318, 153, 310, 156, 333, 155, 0, 0, 336, 172, 329, 175, 294, 183, 287, 184, 252, 189, 254, 189, 370, 255, 361, 256, 333, 304, 331, 302, 353, 360, 353, 360],squat_right
122,2021-03-04 08:05:34.887990,[315, 148, 321, 142, 311, 142, 334, 142, 0, 0, 341, 158, 315, 169, 303, 169, 283, 170, 252, 174, 253, 175, 368, 245, 356, 246, 343, 301, 342, 300, 355, 361, 354, 360],squat_right
123,2021-03-04 08:05:35.045727,[315, 134, 321, 128, 312, 129, 335, 128, 0, 0, 340, 149, 325, 154, 301, 159, 285, 158, 259, 161, 258, 161, 364, 237, 353, 239, 348, 297, 348, 296, 357, 358, 357, 358],squat_right
124,2021-03-04 08:05:35.213900,[320, 131, 327, 125, 317, 126, 341, 127, 0, 0, 343, 144, 315, 153, 311, 152, 291, 153, 265, 155, 262, 156, 361, 234, 350, 235, 353, 296, 354, 295, 362, 360, 363, 359],squat_right
125,2021-03-04 08:05:35.378599,[320, 129, 326, 123, 317, 124, 342, 125, 0, 0, 343, 143, 336, 145, 308, 149, 296, 148, 266, 148, 264, 149, 361, 232, 351, 234, 354, 293, 355, 293, 362, 360, 363, 359],squat_right
126,2021-03-04 08:05:35.517556,[321, 129, 327, 123, 318, 125, 344, 125, 0, 0, 343, 143, 334, 144, 305, 150, 297, 148, 267, 148, 265, 149, 360, 233, 351, 234, 352, 294, 352, 294, 362, 360, 362, 359],squat_right
127,2021-03-04 08:05:35.691219,[322, 131, 329, 126, 319, 126, 345, 127, 0, 0, 345, 144, 326, 148, 308, 151, 298, 151, 267, 150, 265, 152, 360, 235, 349, 236, 348, 294, 348, 293, 359, 358, 358, 357],squat_right
128,2021-03-04 08:05:35.879251,[321, 133, 327, 127, 319, 127, 344, 129, 0, 0, 344, 146, 333, 149, 308, 155, 297, 154, 266, 155, 266, 156, 358, 236, 351, 237, 347, 294, 347, 294, 357, 358, 357, 357],squat_right
129,2021-03-04 08:05:36.046813,[319, 139, 326, 131, 317, 133, 341, 134, 0, 0, 347, 150, 329, 156, 309, 161, 288, 158, 259, 159, 259, 160, 360, 241, 348, 243, 342, 298, 342, 297, 355, 360, 356, 359],squat_right
130,2021-03-04 08:05:36.215126,[320, 150, 325, 144, 317, 144, 342, 146, 0, 0, 347, 162, 318, 170, 313, 170, 285, 170, 302, 159, 258, 171, 360, 250, 350, 253, 333, 305, 331, 303, 353, 360, 353, 360],squat_right
131,2021-03-04 08:05:36.377211,[320, 166, 324, 160, 317, 161, 342, 160, 0, 0, 345, 176, 320, 182, 312, 185, 288, 185, 260, 186, 259, 186, 365, 261, 349, 263, 328, 309, 325, 308, 350, 361, 352, 361],squat_right
132,2021-03-04 08:05:36.567651,[316, 180, 322, 173, 314, 174, 336, 172, 0, 0, 342, 189, 322, 195, 308, 198, 288, 198, 256, 202, 256, 201, 369, 271, 350, 274, 323, 311, 319, 311, 350, 361, 350, 361],squat_right
133,2021-03-04 08:05:36.715724,[313, 185, 319, 178, 309, 179, 333, 178, 0, 0, 339, 197, 325, 198, 295, 207, 285, 206, 259, 211, 258, 210, 369, 278, 362, 278, 318, 314, 316, 313, 350, 359, 353, 359],squat_right
134,2021-03-04 08:05:36.877741,[312, 190, 319, 183, 308, 184, 334, 182, 0, 0, 336, 201, 313, 208, 292, 212, 284, 212, 255, 217, 256, 217, 371, 280, 360, 281, 319, 313, 316, 313, 350, 360, 352, 359],squat_right
135,2021-03-04 08:05:37.044928,[310, 189, 316, 182, 307, 183, 331, 181, 0, 0, 335, 199, 332, 198, 291, 211, 286, 211, 254, 216, 256, 215, 369, 278, 360, 278, 319, 313, 316, 312, 349, 360, 353, 359],squat_right
136,2021-03-04 08:05:37.215578,[311, 181, 317, 175, 308, 177, 331, 174, 0, 0, 337, 191, 328, 195, 297, 202, 292, 204, 254, 209, 256, 209, 372, 269, 356, 272, 326, 308, 323, 308, 350, 361, 352, 360],squat_right
137,2021-03-04 08:05:37.402711,[308, 170, 314, 163, 306, 164, 329, 161, 0, 0, 331, 180, 339, 179, 290, 194, 288, 193, 255, 198, 258, 198, 369, 259, 362, 260, 330, 306, 328, 305, 352, 360, 352, 359],squat_right
138,2021-03-04 08:05:37.578156,[309, 158, 314, 151, 307, 152, 331, 149, 0, 0, 334, 167, 338, 169, 293, 179, 288, 177, 256, 184, 257, 184, 367, 249, 355, 252, 335, 303, 333, 302, 354, 360, 354, 360],squat_right
139,2021-03-04 08:05:37.745909,[313, 147, 319, 140, 309, 142, 333, 141, 0, 0, 339, 158, 322, 165, 300, 169, 291, 170, 255, 174, 256, 175, 367, 243, 355, 244, 343, 300, 342, 300, 355, 359, 354, 359],squat_right
140,2021-03-04 08:05:37.909601,[311, 139, 317, 132, 308, 133, 332, 132, 0, 0, 339, 151, 329, 156, 298, 162, 286, 160, 257, 165, 258, 165, 364, 238, 351, 241, 349, 295, 348, 294, 357, 358, 357, 358],squat_right
141,2021-03-04 08:05:38.049109,[313, 133, 319, 126, 309, 128, 335, 128, 0, 0, 340, 147, 320, 152, 306, 157, 285, 158, 259, 160, 258, 160, 362, 235, 350, 237, 353, 296, 353, 295, 362, 360, 361, 359],squat_right
142,2021-03-04 08:05:38.221758,[316, 132, 321, 126, 312, 127, 336, 127, 0, 0, 341, 145, 317, 152, 306, 155, 290, 156, 263, 158, 261, 160, 362, 234, 350, 236, 351, 295, 355, 294, 361, 360, 362, 359],squat_right
143,2021-03-04 08:05:38.377808,[315, 133, 321, 127, 311, 128, 336, 127, 0, 0, 343, 146, 316, 154, 311, 155, 290, 157, 262, 159, 261, 160, 359, 238, 348, 240, 345, 300, 345, 299, 359, 361, 358, 361],squat_right
144,2021-03-04 08:05:38.515374,[313, 140, 319, 133, 310, 134, 333, 132, 0, 0, 338, 152, 340, 152, 294, 162, 287, 160, 262, 163, 261, 163, 360, 243, 350, 244, 334, 296, 334, 295, 356, 360, 355, 359],squat_right
145,2021-03-04 08:05:38.678966,[310, 148, 317, 142, 306, 143, 333, 143, 0, 0, 339, 160, 315, 170, 301, 170, 288, 172, 256, 173, 257, 174, 357, 250, 348, 251, 329, 304, 330, 303, 349, 360, 352, 360],squat_right
146,2021-03-04 08:05:38.844456,[305, 160, 311, 153, 303, 156, 328, 155, 0, 0, 336, 171, 315, 178, 295, 181, 283, 182, 251, 185, 251, 185, 364, 256, 345, 258, 325, 303, 320, 302, 354, 361, 354, 361],squat_right
147,2021-03-04 08:05:38.982681,[303, 170, 308, 163, 301, 164, 325, 162, 0, 0, 327, 181, 335, 182, 288, 196, 276, 190, 250, 194, 250, 194, 359, 264, 348, 264, 319, 303, 315, 303, 355, 361, 350, 360],squat_right
148,2021-03-04 08:05:39.179502,[304, 180, 308, 175, 301, 175, 323, 174, 0, 0, 330, 191, 315, 199, 291, 202, 288, 203, 249, 202, 249, 203, 361, 273, 346, 274, 312, 305, 310, 304, 338, 359, 351, 360],squat_right
149,2021-03-04 08:05:39.342688,[300, 187, 305, 180, 297, 180, 321, 180, 0, 0, 329, 198, 314, 204, 289, 212, 279, 210, 249, 210, 248, 210, 357, 281, 352, 281, 307, 310, 306, 309, 344, 358, 352, 359],squat_right
150,2021-03-04 08:05:39.483007,[300, 189, 305, 181, 297, 183, 320, 180, 0, 0, 330, 199, 311, 205, 290, 212, 276, 209, 248, 212, 247, 212, 358, 282, 354, 282, 307, 310, 306, 309, 345, 358, 350, 359],squat_right
151,2021-03-04 08:05:39.645610,[299, 188, 305, 181, 297, 182, 319, 179, 0, 0, 325, 198, 313, 203, 288, 212, 281, 210, 248, 210, 247, 211, 356, 280, 353, 279, 307, 309, 307, 309, 344, 359, 351, 360],squat_right
152,2021-03-04 08:05:39.809654,[300, 182, 305, 176, 298, 176, 320, 175, 0, 0, 324, 194, 310, 197, 287, 203, 276, 204, 247, 207, 246, 208, 356, 276, 354, 276, 310, 308, 308, 307, 346, 359, 353, 360],squat_right
153,2021-03-04 08:05:39.964892,[300, 174, 305, 168, 297, 168, 322, 168, 0, 0, 327, 186, 319, 190, 289, 198, 280, 198, 248, 199, 248, 199, 357, 267, 334, 268, 314, 303, 310, 302, 352, 361, 349, 360],squat_right
154,2021-03-04 08:05:40.153579,[300, 160, 305, 154, 299, 155, 324, 154, 0, 0, 328, 173, 323, 176, 292, 182, 283, 182, 249, 184, 249, 184, 359, 255, 346, 257, 320, 302, 324, 302, 351, 360, 355, 360],squat_right
155,2021-03-04 08:05:40.309573,[305, 146, 311, 142, 303, 142, 328, 142, 0, 0, 332, 160, 330, 162, 291, 169, 282, 165, 253, 172, 254, 172, 359, 246, 349, 247, 331, 298, 330, 297, 351, 358, 349, 357],squat_right
156,2021-03-04 08:05:40.448814,[307, 139, 313, 132, 306, 133, 331, 133, 0, 0, 335, 150, 334, 153, 296, 162, 293, 161, 259, 164, 258, 163, 359, 241, 349, 243, 339, 296, 338, 295, 356, 358, 356, 357],squat_right
157,2021-03-04 08:05:40.613232,[311, 137, 319, 130, 309, 131, 333, 132, 0, 0, 339, 151, 326, 153, 305, 157, 291, 158, 261, 160, 259, 161, 360, 238, 346, 241, 344, 297, 344, 296, 356, 358, 357, 358],squat_right
158,2021-03-04 08:05:40.778684,[315, 141, 321, 134, 312, 135, 336, 135, 0, 0, 340, 154, 323, 156, 303, 163, 288, 160, 263, 163, 262, 163, 361, 240, 349, 243, 336, 296, 337, 296, 354, 357, 354, 356],squat_right
159,2021-03-04 08:05:40.973156,[317, 147, 322, 142, 313, 141, 335, 142, 0, 0, 343, 158, 310, 168, 323, 168, 286, 166, 263, 166, 261, 167, 362, 244, 349, 247, 332, 300, 338, 299, 342, 359, 354, 357],squat_right
160,2021-03-04 08:05:41.146947,[311, 158, 317, 151, 309, 152, 333, 150, 0, 0, 337, 168, 335, 170, 298, 176, 289, 175, 259, 176, 259, 176, 361, 251, 347, 254, 328, 301, 326, 301, 342, 361, 349, 360],squat_right
161,2021-03-04 08:05:41.310507,[308, 167, 316, 160, 306, 162, 330, 160, 0, 0, 337, 178, 313, 184, 303, 185, 285, 187, 258, 187, 258, 187, 363, 260, 343, 262, 324, 305, 317, 304, 341, 360, 350, 359],squat_right
162,2021-03-04 08:05:41.449948,[306, 175, 312, 168, 305, 169, 330, 169, 0, 0, 335, 185, 331, 188, 295, 195, 280, 192, 257, 194, 255, 194, 360, 267, 349, 269, 318, 308, 312, 306, 342, 357, 345, 356],squat_right
163,2021-03-04 08:05:41.613373,[305, 184, 311, 177, 303, 179, 327, 176, 0, 0, 331, 196, 328, 197, 302, 202, 279, 204, 249, 205, 249, 205, 361, 273, 350, 273, 315, 310, 308, 309, 340, 357, 343, 356],squat_right
164,2021-03-04 08:05:41.799704,[303, 188, 308, 181, 301, 182, 324, 181, 0, 0, 330, 199, 335, 200, 291, 210, 273, 207, 251, 209, 249, 209, 358, 277, 360, 276, 312, 312, 306, 312, 342, 356, 336, 357],squat_right
165,2021-03-04 08:05:41.949902,[303, 191, 309, 184, 301, 186, 325, 185, 0, 0, 328, 203, 310, 206, 289, 213, 280, 211, 249, 214, 248, 214, 360, 279, 346, 279, 310, 313, 306, 312, 339, 357, 337, 356],squat_right
166,2021-03-04 08:05:42.113014,[302, 186, 307, 179, 301, 180, 322, 179, 0, 0, 326, 198, 334, 197, 289, 209, 275, 206, 252, 209, 251, 209, 358, 274, 352, 274, 313, 312, 305, 311, 339, 357, 339, 356],squat_right
167,2021-03-04 08:05:42.276943,[300, 175, 305, 168, 298, 169, 320, 166, 0, 0, 327, 185, 315, 189, 287, 199, 287, 199, 250, 198, 251, 199, 359, 264, 347, 264, 316, 306, 312, 305, 339, 357, 349, 356],squat_right
168,2021-03-04 08:05:42.445631,[296, 161, 299, 154, 0, 0, 316, 151, 0, 0, 321, 171, 334, 168, 276, 183, 306, 177, 244, 185, 247, 185, 354, 253, 360, 252, 325, 302, 324, 301, 341, 360, 347, 359],squat_right
169,2021-03-04 08:05:42.640906,[299, 149, 302, 144, 0, 0, 317, 141, 0, 0, 322, 164, 337, 160, 288, 170, 312, 164, 258, 171, 258, 172, 351, 246, 360, 245, 326, 300, 336, 299, 341, 361, 354, 359],squat_right
170,2021-03-04 08:05:42.781172,[305, 139, 309, 134, 0, 0, 323, 133, 0, 0, 329, 155, 341, 153, 287, 165, 282, 159, 260, 162, 260, 162, 350, 241, 353, 241, 328, 296, 344, 295, 338, 359, 356, 358],squat_right
171,2021-03-04 08:05:42.944922,[307, 143, 311, 137, 0, 0, 325, 137, 0, 0, 329, 158, 342, 155, 288, 165, 282, 164, 256, 162, 256, 162, 353, 244, 356, 244, 328, 297, 342, 297, 333, 362, 357, 359],squat_right
172,2021-03-04 08:05:43.113341,[307, 154, 310, 148, 0, 0, 324, 149, 0, 0, 327, 170, 348, 166, 285, 176, 268, 176, 0, 0, 257, 176, 354, 253, 369, 252, 330, 302, 317, 302, 330, 363, 357, 359],squat_right
173,2021-03-04 08:05:43.276763,[307, 167, 311, 160, 0, 0, 326, 159, 0, 0, 326, 181, 347, 177, 284, 188, 283, 188, 255, 188, 257, 188, 357, 261, 372, 261, 317, 303, 333, 304, 327, 363, 358, 358],squat_right
174,2021-03-04 08:05:43.442104,[307, 170, 310, 164, 0, 0, 325, 165, 0, 0, 328, 187, 347, 183, 283, 195, 283, 190, 254, 194, 254, 194, 359, 267, 374, 267, 316, 303, 335, 305, 327, 362, 358, 357],squat_right
175,2021-03-04 08:05:43.639638,[309, 179, 312, 173, 0, 0, 327, 171, 0, 0, 329, 193, 346, 188, 283, 200, 284, 199, 253, 202, 256, 202, 365, 269, 374, 269, 319, 306, 324, 304, 327, 362, 360, 357],squat_right
176,2021-03-04 08:05:43.812995,[308, 184, 314, 178, 307, 179, 330, 177, 0, 0, 326, 201, 347, 195, 285, 209, 283, 207, 254, 208, 255, 208, 365, 274, 376, 272, 317, 305, 316, 304, 328, 362, 358, 355],squat_right
177,2021-03-04 08:05:43.977767,[310, 188, 315, 182, 307, 182, 331, 181, 0, 0, 327, 203, 346, 199, 285, 211, 283, 209, 254, 212, 256, 212, 368, 278, 375, 277, 317, 307, 314, 305, 328, 362, 356, 356],squat_right
178,2021-03-04 08:05:44.116120,[310, 192, 315, 183, 307, 186, 331, 184, 0, 0, 331, 205, 344, 202, 286, 213, 292, 212, 256, 215, 256, 215, 368, 281, 375, 280, 314, 307, 315, 305, 328, 362, 356, 356],squat_right
179,2021-03-04 08:05:44.275394,[309, 193, 314, 188, 308, 188, 330, 187, 0, 0, 327, 209, 345, 202, 285, 216, 287, 214, 256, 218, 258, 218, 367, 281, 377, 280, 316, 308, 313, 307, 328, 362, 355, 356],squat_right
180,2021-03-04 08:05:44.415573,[310, 191, 315, 184, 307, 185, 331, 183, 0, 0, 329, 205, 345, 201, 286, 215, 288, 213, 256, 217, 258, 217, 367, 280, 376, 279, 315, 307, 321, 305, 328, 362, 357, 356],squat_right
181,2021-03-04 08:05:44.605534,[308, 184, 314, 177, 306, 179, 331, 176, 0, 0, 332, 198, 343, 195, 285, 209, 285, 208, 254, 208, 254, 208, 367, 272, 376, 270, 318, 305, 329, 305, 328, 362, 358, 355],squat_right
182,2021-03-04 08:05:44.775354,[308, 170, 313, 163, 306, 164, 330, 162, 0, 0, 327, 184, 346, 180, 283, 195, 282, 192, 252, 196, 254, 196, 365, 262, 374, 262, 322, 304, 335, 304, 327, 363, 358, 358],squat_right
183,2021-03-04 08:05:44.915375,[310, 159, 315, 150, 308, 153, 331, 152, 0, 0, 330, 172, 342, 169, 287, 183, 296, 181, 255, 185, 257, 185, 363, 254, 373, 253, 328, 301, 334, 301, 330, 363, 357, 358],squat_right
184,2021-03-04 08:05:45.078888,[311, 146, 316, 141, 309, 141, 331, 139, 0, 0, 331, 160, 342, 156, 286, 170, 287, 168, 260, 171, 261, 171, 360, 245, 359, 246, 331, 299, 340, 298, 334, 361, 358, 358],squat_right
185,2021-03-04 08:05:45.241862,[310, 134, 317, 128, 308, 129, 333, 128, 0, 0, 336, 149, 339, 150, 290, 161, 284, 159, 0, 0, 256, 160, 359, 237, 346, 240, 333, 298, 354, 295, 336, 362, 362, 359],squat_right
186,2021-03-04 08:05:45.390663,[314, 132, 320, 126, 311, 127, 335, 126, 0, 0, 339, 145, 323, 149, 296, 157, 289, 156, 267, 156, 266, 157, 355, 237, 352, 238, 333, 297, 357, 295, 336, 362, 365, 358],squat_right
187,2021-03-04 08:05:45.550059,[311, 133, 317, 126, 309, 128, 334, 126, 0, 0, 337, 147, 333, 149, 293, 159, 294, 158, 265, 158, 264, 159, 354, 238, 351, 238, 331, 298, 354, 295, 335, 362, 362, 359],squat_right
188,2021-03-04 08:05:45.710145,[309, 141, 313, 134, 307, 134, 330, 133, 0, 0, 330, 153, 344, 150, 287, 163, 279, 159, 256, 161, 255, 161, 356, 240, 346, 241, 330, 298, 348, 296, 335, 361, 360, 358],squat_right
189,2021-03-04 08:05:45.880155,[305, 151, 309, 145, 0, 0, 324, 145, 0, 0, 325, 166, 346, 163, 285, 176, 282, 176, 254, 174, 256, 175, 355, 249, 364, 249, 331, 302, 320, 301, 331, 363, 359, 358],squat_right
190,2021-03-04 08:05:46.045525,[305, 165, 307, 159, 0, 0, 319, 158, 0, 0, 325, 181, 345, 177, 286, 187, 284, 186, 256, 186, 258, 186, 356, 260, 370, 260, 316, 304, 336, 304, 327, 363, 359, 356],squat_right
191,2021-03-04 08:05:46.226358,[304, 181, 306, 175, 0, 0, 318, 173, 0, 0, 322, 195, 346, 191, 286, 201, 285, 199, 255, 202, 256, 201, 354, 270, 370, 269, 312, 306, 321, 306, 325, 364, 355, 356],squat_right
192,2021-03-04 08:05:46.410206,[300, 187, 303, 181, 0, 0, 316, 182, 0, 0, 319, 204, 346, 201, 277, 213, 281, 210, 245, 216, 247, 216, 355, 281, 371, 279, 310, 310, 306, 309, 326, 363, 357, 355],squat_right
193,2021-03-04 08:05:46.577821,[299, 197, 302, 192, 0, 0, 314, 191, 0, 0, 319, 211, 343, 208, 277, 220, 281, 220, 248, 221, 249, 221, 356, 284, 373, 283, 307, 312, 304, 311, 330, 361, 352, 356],squat_right
194,2021-03-04 08:05:46.741763,[298, 197, 301, 192, 0, 0, 313, 190, 0, 0, 318, 211, 342, 208, 277, 221, 268, 223, 244, 223, 245, 223, 354, 284, 372, 283, 306, 312, 303, 311, 334, 359, 342, 356],squat_right
195,2021-03-04 08:05:46.883147,[296, 195, 298, 188, 0, 0, 311, 186, 0, 0, 318, 208, 336, 201, 279, 218, 269, 220, 245, 221, 247, 220, 355, 280, 368, 279, 309, 311, 304, 310, 328, 361, 355, 355],squat_right
196,2021-03-04 08:05:47.067877,[292, 182, 296, 176, 0, 0, 309, 174, 0, 0, 312, 195, 336, 191, 266, 208, 269, 208, 240, 210, 242, 210, 349, 269, 368, 268, 311, 305, 312, 304, 326, 362, 358, 354],squat_right
197,2021-03-04 08:05:47.262379,[287, 166, 290, 161, 0, 0, 305, 158, 0, 0, 310, 179, 326, 176, 266, 192, 265, 188, 236, 194, 238, 194, 350, 254, 358, 252, 317, 302, 317, 302, 329, 360, 352, 355],squat_right
198,2021-03-04 08:05:47.411296,[281, 156, 284, 150, 0, 0, 299, 149, 0, 0, 305, 168, 318, 165, 265, 181, 266, 181, 233, 188, 236, 189, 345, 247, 351, 247, 316, 300, 318, 299, 329, 359, 332, 359],squat_right
199,2021-03-04 08:05:47.577801,[283, 156, 289, 148, 280, 149, 303, 147, 0, 0, 311, 165, 311, 166, 272, 179, 263, 177, 231, 181, 231, 182, 343, 247, 336, 248, 316, 303, 315, 302, 331, 361, 333, 360],squat_right
200,2021-03-04 08:05:47.742628,[284, 154, 291, 146, 280, 148, 305, 146, 0, 0, 313, 166, 298, 170, 272, 179, 259, 177, 228, 183, 229, 183, 344, 245, 326, 249, 313, 297, 315, 297, 333, 357, 338, 356],squat_right
201,2021-03-04 08:05:47.911312,[288, 158, 293, 149, 283, 152, 307, 151, 0, 0, 314, 170, 283, 175, 0, 0, 254, 180, 231, 185, 231, 186, 345, 250, 327, 253, 317, 299, 309, 298, 337, 355, 342, 354],squat_right
202,2021-03-04 08:05:48.098921,[291, 158, 297, 152, 287, 154, 311, 152, 0, 0, 319, 171, 285, 182, 278, 182, 259, 184, 231, 191, 232, 191, 350, 252, 325, 256, 320, 300, 306, 298, 340, 356, 338, 354],squat_right
203,2021-03-04 08:05:48.253503,[296, 161, 302, 154, 291, 155, 316, 156, 0, 0, 324, 175, 288, 186, 311, 184, 263, 188, 231, 192, 232, 192, 352, 254, 329, 257, 323, 301, 308, 299, 344, 356, 321, 353],squat_right
204,2021-03-04 08:05:48.409959,[299, 167, 304, 159, 294, 161, 319, 160, 0, 0, 329, 181, 290, 188, 310, 184, 259, 190, 232, 192, 232, 193, 351, 260, 325, 263, 321, 304, 300, 301, 346, 359, 312, 351],squat_right
205,2021-03-04 08:05:48.550288,[298, 171, 304, 164, 294, 165, 319, 165, 0, 0, 327, 183, 293, 188, 314, 191, 260, 190, 235, 192, 235, 193, 352, 264, 327, 266, 317, 305, 298, 301, 345, 358, 309, 351],squat_right
206,2021-03-04 08:05:48.708246,[301, 176, 306, 170, 296, 170, 320, 171, 0, 0, 325, 189, 291, 195, 293, 194, 264, 194, 238, 197, 238, 197, 352, 267, 328, 270, 314, 307, 296, 303, 345, 358, 319, 353],squat_right
207,2021-03-04 08:05:48.847439,[300, 183, 305, 176, 296, 177, 320, 176, 0, 0, 327, 196, 295, 205, 295, 201, 264, 204, 234, 206, 235, 207, 354, 274, 334, 274, 309, 307, 294, 304, 346, 358, 319, 353],squat_right
208,2021-03-04 08:05:49.034459,[300, 195, 305, 189, 295, 189, 319, 189, 0, 0, 326, 208, 291, 215, 310, 213, 263, 214, 234, 218, 235, 218, 356, 281, 333, 282, 312, 308, 292, 305, 344, 357, 308, 350],squat_right
209,2021-03-04 08:05:49.208658,[297, 202, 303, 194, 293, 195, 319, 194, 0, 0, 326, 215, 290, 222, 308, 218, 261, 224, 236, 227, 237, 228, 355, 286, 333, 286, 309, 308, 290, 306, 344, 357, 309, 350],squat_right
210,2021-03-04 08:05:49.347305,[298, 200, 303, 193, 294, 194, 319, 193, 0, 0, 327, 215, 289, 223, 308, 220, 261, 224, 236, 228, 237, 228, 355, 286, 334, 286, 308, 309, 290, 307, 344, 358, 309, 350],squat_right
211,2021-03-04 08:05:49.510749,[299, 193, 305, 187, 295, 187, 319, 188, 0, 0, 326, 207, 290, 216, 312, 209, 264, 214, 233, 219, 235, 219, 355, 280, 328, 283, 312, 309, 290, 307, 345, 358, 308, 350],squat_right
212,2021-03-04 08:05:49.647973,[300, 182, 304, 175, 295, 177, 320, 176, 0, 0, 328, 197, 291, 205, 310, 201, 263, 205, 0, 0, 234, 209, 352, 272, 330, 272, 314, 308, 294, 305, 344, 357, 308, 350],squat_right
213,2021-03-04 08:05:49.809720,[299, 171, 305, 165, 295, 165, 320, 165, 0, 0, 328, 183, 289, 189, 313, 183, 261, 191, 238, 200, 236, 195, 349, 263, 325, 265, 317, 306, 298, 302, 343, 356, 311, 350],squat_right
214,2021-03-04 08:05:50.001515,[299, 156, 306, 149, 295, 150, 320, 150, 0, 0, 329, 168, 292, 173, 312, 168, 263, 174, 241, 178, 239, 179, 345, 252, 322, 255, 325, 302, 304, 299, 345, 357, 318, 352],squat_right
215,2021-03-04 08:05:50.145530,[300, 142, 305, 134, 296, 136, 322, 136, 0, 0, 329, 156, 294, 160, 303, 158, 265, 160, 244, 163, 243, 164, 343, 243, 320, 246, 329, 299, 312, 298, 340, 355, 329, 352],squat_right
216,2021-03-04 08:05:50.309775,[304, 135, 309, 128, 300, 129, 324, 131, 0, 0, 331, 150, 291, 155, 309, 150, 266, 155, 244, 156, 243, 157, 340, 239, 316, 242, 321, 295, 337, 296, 330, 353, 350, 356],squat_right
217,2021-03-04 08:05:50.448366,[305, 134, 310, 128, 301, 128, 326, 131, 0, 0, 333, 150, 293, 154, 311, 148, 269, 154, 247, 153, 247, 154, 339, 240, 317, 241, 315, 295, 339, 296, 330, 353, 352, 356],squat_right
218,2021-03-04 08:05:50.607776,[305, 135, 312, 128, 302, 129, 325, 133, 0, 0, 334, 151, 292, 156, 318, 148, 268, 155, 245, 152, 244, 156, 340, 241, 315, 243, 331, 297, 313, 296, 346, 355, 329, 351],squat_right
219,2021-03-04 08:05:50.752937,[303, 142, 309, 136, 299, 136, 325, 138, 0, 0, 333, 155, 293, 159, 312, 154, 269, 159, 296, 144, 243, 160, 341, 243, 316, 246, 331, 299, 305, 296, 348, 356, 320, 350],squat_right
220,2021-03-04 08:05:50.913168,[302, 152, 308, 146, 298, 147, 321, 149, 0, 0, 330, 167, 291, 170, 0, 0, 266, 170, 0, 0, 242, 172, 343, 252, 317, 255, 327, 304, 299, 300, 346, 357, 316, 352],squat_right
221,2021-03-04 08:05:51.075290,[302, 164, 307, 158, 297, 158, 320, 160, 0, 0, 328, 178, 290, 185, 310, 177, 267, 183, 243, 183, 242, 185, 344, 260, 323, 262, 319, 307, 294, 302, 346, 357, 311, 351],squat_right
222,2021-03-04 08:05:51.215660,[298, 175, 303, 167, 294, 169, 319, 169, 0, 0, 325, 188, 291, 188, 306, 185, 262, 190, 240, 193, 238, 193, 345, 268, 324, 269, 315, 307, 293, 303, 345, 358, 309, 350],squat_right
223,2021-03-04 08:05:51.378714,[296, 185, 304, 178, 292, 179, 317, 179, 0, 0, 326, 199, 287, 205, 306, 197, 260, 204, 235, 204, 236, 206, 350, 273, 327, 275, 314, 311, 290, 308, 345, 359, 308, 350],squat_right
224,2021-03-04 08:05:51.544066,[297, 191, 303, 184, 292, 185, 318, 186, 0, 0, 325, 206, 286, 212, 0, 0, 258, 212, 235, 213, 234, 214, 352, 280, 325, 282, 312, 311, 288, 310, 345, 359, 309, 350],squat_right
225,2021-03-04 08:05:51.711920,[298, 195, 304, 189, 293, 190, 318, 190, 0, 0, 325, 211, 287, 218, 0, 0, 261, 219, 234, 220, 234, 220, 354, 283, 331, 284, 312, 312, 289, 310, 345, 359, 308, 350],squat_right
226,2021-03-04 08:05:51.878682,[299, 196, 304, 189, 293, 191, 319, 190, 0, 0, 326, 210, 287, 219, 309, 216, 263, 219, 235, 221, 234, 221, 355, 282, 330, 284, 313, 311, 289, 310, 344, 358, 308, 350],squat_right
227,2021-03-04 08:05:52.040978,[297, 190, 303, 183, 293, 184, 318, 183, 0, 0, 326, 202, 288, 208, 314, 206, 259, 211, 234, 212, 235, 213, 353, 277, 324, 281, 315, 311, 290, 308, 346, 359, 308, 350],squat_right
228,2021-03-04 08:05:52.180077,[300, 181, 305, 174, 295, 175, 319, 174, 0, 0, 326, 194, 289, 200, 315, 193, 262, 201, 234, 203, 235, 204, 348, 271, 332, 271, 314, 307, 294, 304, 345, 358, 309, 350],squat_right
229,2021-03-04 08:05:52.343694,[301, 165, 305, 159, 296, 159, 320, 159, 0, 0, 328, 178, 289, 183, 299, 180, 263, 184, 237, 186, 238, 187, 347, 259, 325, 262, 321, 304, 299, 301, 345, 357, 323, 353],squat_right
230,2021-03-04 08:05:52.531313,[302, 148, 307, 142, 297, 142, 321, 145, 0, 0, 328, 164, 292, 168, 308, 162, 267, 167, 241, 168, 241, 169, 345, 247, 320, 251, 331, 301, 305, 297, 348, 357, 318, 352],squat_right
231,2021-03-04 08:05:52.677686,[301, 140, 307, 133, 297, 134, 323, 134, 0, 0, 332, 151, 292, 156, 314, 149, 268, 156, 246, 155, 246, 158, 344, 242, 319, 244, 334, 295, 313, 294, 330, 353, 343, 354],squat_right
232,2021-03-04 08:05:52.843252,[303, 135, 309, 129, 300, 129, 325, 132, 0, 0, 333, 148, 294, 155, 312, 148, 269, 153, 251, 150, 249, 151, 341, 239, 319, 241, 319, 294, 342, 295, 329, 353, 342, 354],squat_right
233,2021-03-04 08:05:52.978788,[304, 135, 309, 129, 300, 130, 325, 132, 0, 0, 334, 149, 294, 155, 312, 148, 269, 153, 252, 149, 249, 151, 341, 239, 317, 242, 323, 294, 339, 295, 329, 353, 352, 356],squat_right
234,2021-03-04 08:05:53.146309,[302, 141, 307, 133, 298, 135, 322, 134, 0, 0, 333, 150, 292, 157, 315, 151, 270, 156, 247, 155, 246, 157, 342, 242, 317, 243, 336, 295, 308, 294, 346, 355, 328, 351],squat_right
235,2021-03-04 08:05:53.329571,[304, 148, 310, 142, 299, 142, 323, 145, 0, 0, 332, 162, 289, 167, 307, 162, 265, 163, 248, 164, 245, 164, 343, 246, 318, 250, 330, 302, 303, 297, 348, 357, 318, 352],squat_right
236,2021-03-04 08:05:53.476333,[300, 158, 307, 153, 296, 153, 321, 155, 0, 0, 327, 174, 292, 176, 305, 172, 264, 175, 0, 0, 242, 178, 344, 258, 319, 258, 327, 308, 296, 302, 346, 358, 312, 352],squat_right
237,2021-03-04 08:05:53.614266,[299, 169, 305, 163, 295, 164, 320, 164, 0, 0, 328, 183, 290, 186, 302, 181, 263, 189, 237, 189, 238, 190, 346, 264, 322, 267, 316, 307, 293, 303, 345, 358, 311, 351],squat_right
238,2021-03-04 08:05:53.776771,[300, 181, 305, 175, 294, 176, 319, 175, 0, 0, 327, 195, 289, 203, 298, 196, 265, 203, 238, 204, 239, 205, 346, 272, 326, 273, 316, 311, 289, 307, 345, 360, 308, 350],squat_right
239,2021-03-04 08:05:53.912808,[297, 189, 303, 181, 292, 183, 318, 182, 0, 0, 325, 203, 290, 208, 289, 207, 260, 211, 235, 212, 236, 213, 351, 278, 328, 280, 312, 312, 288, 310, 344, 359, 309, 350],squat_right
240,2021-03-04 08:05:54.081754,[297, 193, 303, 188, 292, 189, 319, 189, 0, 0, 324, 210, 289, 217, 0, 0, 263, 220, 233, 222, 234, 223, 351, 282, 328, 283, 312, 312, 287, 311, 344, 359, 308, 350],squat_right
241,2021-03-04 08:05:54.246061,[296, 197, 302, 190, 291, 191, 318, 189, 0, 0, 323, 211, 290, 218, 0, 0, 261, 221, 232, 224, 232, 224, 352, 281, 330, 283, 312, 312, 288, 310, 344, 359, 309, 350],squat_right
242,2021-03-04 08:05:54.407216,[294, 193, 300, 186, 290, 187, 316, 185, 0, 0, 324, 205, 289, 213, 0, 0, 262, 217, 233, 221, 234, 221, 351, 277, 328, 279, 314, 311, 289, 308, 345, 359, 308, 350],squat_right
243,2021-03-04 08:05:54.548128,[293, 188, 299, 180, 290, 182, 316, 178, 0, 0, 326, 199, 292, 204, 0, 0, 261, 210, 234, 215, 236, 216, 351, 271, 330, 272, 315, 309, 292, 305, 345, 359, 308, 350],squat_right
244,2021-03-04 08:05:54.709683,[296, 175, 301, 170, 291, 171, 317, 167, 0, 0, 324, 186, 306, 189, 281, 198, 269, 200, 240, 204, 241, 205, 349, 264, 328, 265, 322, 306, 298, 302, 345, 358, 310, 351],squat_right
245,2021-03-04 08:05:54.846977,[297, 168, 302, 160, 293, 162, 319, 158, 0, 0, 329, 179, 298, 185, 0, 0, 265, 190, 239, 193, 240, 194, 350, 258, 333, 258, 327, 303, 307, 300, 344, 357, 316, 352],squat_right
246,2021-03-04 08:05:55.033459,[298, 152, 303, 145, 295, 146, 320, 144, 0, 0, 330, 164, 304, 168, 0, 0, 266, 174, 242, 177, 242, 178, 355, 246, 338, 248, 333, 298, 319, 297, 341, 355, 342, 355],squat_right
247,2021-03-04 08:05:55.210453,[300, 145, 305, 137, 298, 138, 324, 137, 0, 0, 337, 152, 313, 159, 294, 161, 276, 161, 248, 164, 248, 164, 356, 241, 340, 243, 333, 297, 335, 296, 349, 356, 349, 356],squat_right
248,2021-03-04 08:05:55.373766,[302, 144, 308, 138, 301, 139, 326, 138, 0, 0, 337, 157, 316, 161, 294, 163, 279, 162, 250, 164, 248, 164, 357, 243, 344, 245, 331, 298, 334, 297, 351, 356, 351, 356],squat_right
249,2021-03-04 08:05:55.513097,[305, 148, 310, 143, 303, 143, 328, 142, 0, 0, 337, 160, 314, 166, 299, 169, 286, 169, 252, 168, 250, 167, 358, 247, 346, 249, 331, 301, 331, 300, 346, 361, 347, 361],squat_right
250,2021-03-04 08:05:55.676529,[305, 157, 310, 151, 303, 152, 328, 152, 0, 0, 337, 166, 321, 172, 304, 170, 281, 174, 250, 175, 250, 175, 359, 254, 350, 256, 327, 305, 328, 304, 344, 363, 346, 363],squat_right
251,2021-03-04 08:05:55.817639,[306, 163, 312, 157, 303, 158, 328, 158, 0, 0, 337, 174, 303, 184, 304, 181, 280, 183, 251, 184, 250, 184, 361, 258, 342, 261, 324, 307, 320, 306, 343, 362, 345, 362],squat_right
252,2021-03-04 08:05:55.978144,[304, 175, 309, 168, 302, 170, 326, 168, 0, 0, 334, 184, 312, 192, 294, 195, 279, 193, 249, 195, 248, 196, 361, 265, 350, 267, 317, 311, 318, 310, 342, 362, 347, 361],squat_right
253,2021-03-04 08:05:56.143133,[304, 186, 309, 178, 300, 180, 326, 178, 0, 0, 334, 196, 311, 201, 294, 204, 272, 204, 244, 208, 243, 208, 363, 276, 347, 276, 312, 314, 310, 313, 343, 360, 338, 364],squat_right
254,2021-03-04 08:05:56.278355,[301, 193, 307, 185, 299, 187, 321, 184, 0, 0, 329, 203, 325, 205, 286, 214, 278, 212, 245, 216, 245, 216, 363, 279, 356, 278, 312, 315, 310, 314, 342, 359, 337, 364],squat_right
255,2021-03-04 08:05:56.442031,[301, 196, 307, 191, 299, 191, 323, 190, 0, 0, 328, 209, 319, 211, 290, 219, 272, 219, 237, 222, 237, 222, 363, 285, 364, 284, 310, 315, 309, 315, 342, 359, 337, 365],squat_right
256,2021-03-04 08:05:56.582499,[300, 198, 304, 193, 298, 193, 321, 190, 0, 0, 327, 209, 329, 209, 289, 220, 268, 222, 237, 223, 237, 223, 363, 285, 363, 285, 310, 315, 308, 314, 343, 359, 346, 358],squat_right
257,2021-03-04 08:05:56.772530,[298, 192, 301, 184, 297, 185, 316, 183, 0, 0, 326, 201, 330, 201, 281, 215, 278, 213, 239, 219, 241, 219, 361, 280, 365, 280, 311, 314, 310, 313, 343, 359, 346, 358],squat_right
258,2021-03-04 08:05:56.941956,[297, 180, 301, 175, 0, 0, 316, 173, 0, 0, 325, 192, 331, 189, 286, 201, 282, 200, 243, 207, 244, 207, 360, 268, 360, 268, 317, 311, 315, 310, 343, 361, 347, 361],squat_right
259,2021-03-04 08:05:57.082750,[296, 166, 299, 160, 0, 0, 314, 159, 0, 0, 325, 179, 333, 177, 283, 188, 278, 188, 243, 193, 244, 194, 359, 258, 353, 259, 323, 307, 319, 306, 342, 362, 347, 362],squat_right
260,2021-03-04 08:05:57.240023,[296, 150, 300, 144, 0, 0, 316, 144, 0, 0, 325, 164, 334, 162, 283, 173, 262, 174, 242, 177, 243, 177, 354, 248, 356, 247, 329, 301, 328, 301, 344, 363, 345, 362],squat_right
261,2021-03-04 08:05:57.379236,[297, 142, 300, 134, 0, 0, 316, 133, 0, 0, 324, 151, 336, 148, 285, 163, 302, 156, 248, 163, 248, 162, 351, 243, 353, 242, 331, 300, 340, 299, 347, 360, 350, 359],squat_right
262,2021-03-04 08:05:57.552609,[300, 133, 303, 127, 0, 0, 319, 126, 0, 0, 326, 146, 330, 145, 287, 156, 282, 152, 251, 156, 251, 156, 349, 238, 345, 239, 339, 298, 338, 298, 351, 357, 353, 357],squat_right
263,2021-03-04 08:05:57.708247,[302, 136, 305, 130, 0, 0, 323, 129, 0, 0, 329, 148, 336, 148, 291, 160, 282, 156, 251, 157, 252, 157, 350, 240, 349, 241, 331, 297, 342, 296, 347, 359, 353, 359],squat_right
264,2021-03-04 08:05:57.846513,[301, 145, 305, 140, 0, 0, 322, 140, 0, 0, 329, 161, 328, 159, 293, 166, 286, 165, 251, 164, 249, 165, 354, 246, 348, 247, 328, 299, 331, 298, 343, 361, 347, 360],squat_right
265,2021-03-04 08:05:58.009229,[299, 160, 302, 153, 0, 0, 318, 153, 0, 0, 328, 173, 334, 172, 291, 181, 283, 175, 248, 181, 248, 181, 356, 257, 359, 257, 324, 305, 322, 304, 341, 361, 346, 361],squat_right
266,2021-03-04 08:05:58.144777,[299, 173, 302, 165, 0, 0, 316, 165, 0, 0, 325, 184, 337, 180, 288, 193, 279, 189, 248, 193, 248, 193, 356, 264, 358, 263, 319, 309, 315, 308, 342, 362, 346, 362],squat_right
267,2021-03-04 08:05:58.308101,[297, 182, 300, 176, 0, 0, 315, 175, 0, 0, 325, 196, 334, 193, 281, 204, 277, 204, 242, 209, 243, 209, 360, 272, 356, 271, 313, 313, 309, 312, 342, 358, 345, 357],squat_right
268,2021-03-04 08:05:58.498281,[295, 185, 298, 179, 0, 0, 312, 179, 0, 0, 322, 198, 335, 195, 281, 210, 295, 206, 239, 216, 241, 215, 355, 276, 361, 275, 311, 315, 309, 314, 343, 358, 337, 363],squat_right
269,2021-03-04 08:05:58.643173,[295, 185, 298, 179, 0, 0, 313, 179, 0, 0, 320, 198, 335, 195, 280, 211, 296, 206, 241, 216, 243, 216, 356, 277, 362, 276, 312, 314, 309, 314, 343, 358, 337, 363],squat_right
270,2021-03-04 08:05:58.809861,[296, 181, 299, 176, 0, 0, 313, 175, 0, 0, 322, 196, 334, 192, 281, 206, 281, 204, 246, 212, 248, 212, 356, 271, 364, 270, 313, 312, 309, 311, 342, 358, 345, 358],squat_right
271,2021-03-04 08:05:58.975821,[296, 168, 299, 162, 0, 0, 312, 162, 0, 0, 322, 181, 334, 178, 283, 191, 304, 186, 247, 196, 248, 195, 356, 261, 360, 260, 322, 307, 317, 306, 342, 361, 347, 361],squat_right
272,2021-03-04 08:05:59.110334,[296, 155, 299, 149, 0, 0, 312, 150, 0, 0, 321, 169, 338, 166, 281, 180, 281, 175, 247, 182, 248, 182, 354, 254, 365, 252, 328, 301, 324, 301, 343, 361, 344, 361],squat_right
273,2021-03-04 08:05:59.288541,[297, 140, 300, 134, 0, 0, 313, 134, 0, 0, 320, 157, 337, 152, 281, 166, 281, 163, 250, 169, 251, 169, 350, 242, 360, 241, 328, 300, 341, 298, 343, 363, 352, 361],squat_right
274,2021-03-04 08:05:59.443670,[304, 134, 308, 129, 0, 0, 322, 130, 0, 0, 323, 153, 345, 151, 286, 161, 272, 162, 255, 161, 256, 161, 349, 240, 354, 240, 334, 299, 348, 296, 345, 359, 360, 358],squat_right
275,2021-03-04 08:05:59.606334,[307, 135, 311, 130, 0, 0, 324, 131, 0, 0, 326, 153, 346, 150, 298, 161, 321, 155, 263, 161, 262, 161, 354, 239, 353, 240, 332, 298, 346, 296, 343, 359, 356, 359],squat_right
276,2021-03-04 08:05:59.747215,[308, 141, 311, 136, 0, 0, 323, 136, 0, 0, 327, 158, 343, 156, 290, 166, 317, 163, 259, 168, 260, 167, 355, 243, 358, 243, 331, 300, 342, 298, 338, 360, 357, 358],squat_right
277,2021-03-04 08:05:59.908641,[305, 154, 307, 148, 0, 0, 319, 149, 0, 0, 321, 171, 348, 169, 283, 180, 282, 179, 255, 180, 257, 180, 356, 253, 367, 252, 330, 302, 325, 301, 338, 361, 354, 359],squat_right
278,2021-03-04 08:06:00.081196,[304, 171, 306, 163, 0, 0, 318, 164, 0, 0, 321, 185, 348, 182, 281, 196, 283, 191, 252, 194, 255, 193, 357, 265, 373, 264, 316, 305, 329, 306, 331, 364, 360, 358],squat_right
279,2021-03-04 08:06:00.242478,[302, 183, 304, 177, 0, 0, 318, 176, 0, 0, 322, 198, 344, 193, 277, 207, 0, 0, 252, 207, 254, 207, 357, 272, 372, 271, 315, 310, 311, 308, 329, 364, 357, 357],squat_right
280,2021-03-04 08:06:00.414141,[304, 194, 306, 188, 0, 0, 318, 186, 0, 0, 323, 208, 341, 203, 284, 217, 284, 215, 254, 218, 257, 218, 360, 283, 373, 282, 310, 312, 308, 311, 331, 364, 355, 357],squat_right
281,2021-03-04 08:06:00.573061,[300, 198, 302, 193, 0, 0, 314, 191, 0, 0, 320, 212, 343, 209, 278, 224, 280, 222, 247, 228, 249, 227, 361, 284, 376, 283, 308, 313, 307, 312, 332, 363, 351, 357],squat_right
282,2021-03-04 08:06:00.713068,[300, 199, 301, 193, 0, 0, 313, 192, 0, 0, 320, 212, 344, 209, 278, 225, 280, 223, 248, 228, 249, 228, 360, 284, 376, 283, 309, 313, 307, 312, 332, 363, 352, 357],squat_right
283,2021-03-04 08:06:00.884798,[300, 193, 302, 186, 0, 0, 315, 184, 0, 0, 319, 204, 344, 201, 280, 219, 306, 212, 254, 221, 258, 221, 357, 278, 374, 278, 311, 311, 314, 308, 328, 365, 357, 357],squat_right
284,2021-03-04 08:06:01.045524,[300, 181, 302, 174, 0, 0, 314, 172, 0, 0, 320, 192, 342, 189, 283, 203, 0, 0, 256, 205, 259, 205, 355, 267, 371, 266, 313, 306, 329, 305, 331, 364, 360, 357],squat_right
285,2021-03-04 08:06:01.208609,[298, 161, 300, 154, 0, 0, 313, 154, 0, 0, 317, 175, 339, 172, 276, 187, 269, 189, 253, 187, 257, 187, 353, 254, 367, 254, 322, 304, 332, 303, 335, 363, 359, 358],squat_right
286,2021-03-04 08:06:01.375637,[298, 147, 300, 140, 0, 0, 313, 140, 0, 0, 316, 163, 339, 160, 276, 170, 259, 170, 255, 168, 257, 168, 345, 245, 366, 243, 326, 300, 341, 298, 336, 363, 358, 359],squat_right
287,2021-03-04 08:06:01.540107,[302, 136, 304, 130, 0, 0, 315, 128, 0, 0, 319, 150, 342, 147, 278, 159, 268, 161, 252, 158, 253, 158, 343, 240, 354, 240, 328, 299, 353, 296, 337, 361, 362, 359],squat_right
288,2021-03-04 08:06:01.685227,[302, 136, 304, 130, 0, 0, 315, 129, 0, 0, 318, 151, 345, 149, 276, 160, 252, 156, 253, 158, 255, 158, 343, 241, 357, 240, 329, 299, 353, 297, 338, 361, 362, 358],squat_right
289,2021-03-04 08:06:01.845666,[304, 148, 306, 142, 0, 0, 318, 141, 0, 0, 321, 163, 342, 161, 287, 169, 0, 0, 259, 169, 260, 168, 348, 246, 365, 244, 329, 299, 335, 298, 340, 361, 356, 358],squat_right
290,2021-03-04 08:06:02.006086,[305, 161, 308, 154, 0, 0, 320, 154, 0, 0, 322, 177, 346, 173, 285, 182, 287, 177, 258, 182, 260, 181, 353, 257, 370, 256, 322, 304, 336, 304, 332, 363, 359, 358],squat_right
291,2021-03-04 08:06:02.145725,[305, 172, 308, 165, 0, 0, 322, 164, 0, 0, 326, 185, 346, 181, 285, 196, 285, 192, 256, 194, 257, 195, 358, 265, 374, 264, 314, 305, 334, 306, 331, 364, 359, 359],squat_right
292,2021-03-04 08:06:02.308661,[306, 186, 309, 179, 0, 0, 323, 176, 0, 0, 329, 195, 343, 192, 287, 209, 282, 208, 253, 211, 254, 211, 362, 273, 375, 271, 314, 308, 317, 307, 330, 364, 359, 357],squat_right
293,2021-03-04 08:06:02.479413,[305, 196, 310, 188, 0, 0, 324, 186, 0, 0, 328, 206, 343, 202, 288, 220, 280, 219, 252, 222, 253, 222, 365, 279, 375, 278, 315, 311, 310, 310, 330, 364, 357, 357],squat_right
294,2021-03-04 08:06:02.645601,[306, 198, 311, 192, 303, 193, 326, 190, 0, 0, 330, 209, 343, 207, 287, 223, 280, 223, 254, 224, 254, 224, 366, 282, 373, 282, 310, 312, 311, 311, 331, 363, 354, 357],squat_right
295,2021-03-04 08:06:02.809465,[306, 197, 311, 192, 0, 0, 325, 189, 0, 0, 328, 207, 341, 204, 285, 223, 283, 222, 255, 224, 257, 224, 365, 281, 374, 280, 313, 311, 310, 310, 330, 364, 354, 357],squat_right
296,2021-03-04 08:06:02.969667,[305, 189, 308, 181, 0, 0, 323, 178, 0, 0, 326, 198, 346, 195, 286, 214, 286, 211, 257, 215, 259, 216, 360, 274, 377, 273, 313, 309, 316, 307, 329, 365, 359, 357],squat_right
297,2021-03-04 08:06:03.108735,[303, 182, 306, 175, 0, 0, 319, 170, 0, 0, 323, 190, 344, 185, 283, 204, 0, 0, 255, 206, 259, 206, 360, 266, 373, 266, 315, 304, 331, 305, 331, 364, 359, 358],squat_right
298,2021-03-04 08:06:03.271335,[298, 162, 300, 155, 0, 0, 313, 154, 0, 0, 317, 174, 342, 169, 279, 188, 0, 0, 253, 193, 257, 192, 354, 252, 370, 251, 323, 303, 337, 301, 336, 363, 358, 359],squat_right
299,2021-03-04 08:06:03.440853,[303, 151, 305, 145, 0, 0, 317, 143, 0, 0, 321, 163, 344, 161, 284, 174, 0, 0, 261, 176, 264, 176, 351, 245, 370, 244, 327, 299, 347, 297, 336, 363, 364, 357],squat_right
300,2021-03-04 08:06:03.603341,[308, 147, 312, 142, 0, 0, 324, 140, 0, 0, 328, 161, 346, 158, 290, 168, 289, 166, 263, 168, 263, 168, 354, 241, 369, 240, 324, 296, 354, 296, 333, 359, 366, 357],squat_right
301,2021-03-04 08:06:03.742013,[310, 145, 314, 140, 0, 0, 326, 140, 0, 0, 326, 161, 351, 156, 286, 164, 282, 165, 261, 161, 262, 162, 353, 242, 367, 241, 327, 297, 352, 296, 334, 362, 364, 357],squat_right
302,2021-03-04 08:06:03.902090,[309, 154, 312, 147, 0, 0, 322, 148, 0, 0, 324, 168, 352, 165, 293, 170, 261, 167, 266, 167, 267, 167, 353, 251, 370, 250, 320, 303, 346, 299, 332, 365, 363, 359],squat_right
303,2021-03-04 08:06:04.044610,[310, 166, 313, 160, 0, 0, 322, 161, 340, 158, 323, 181, 353, 177, 289, 186, 265, 181, 263, 181, 264, 181, 355, 261, 377, 260, 315, 303, 345, 303, 330, 364, 362, 359],squat_right
304,2021-03-04 08:06:04.240096,[309, 183, 313, 176, 0, 0, 322, 177, 339, 175, 324, 198, 354, 194, 289, 201, 284, 201, 260, 200, 261, 200, 358, 272, 380, 272, 314, 306, 341, 306, 328, 364, 362, 357],squat_right
305,2021-03-04 08:06:04.405475,[306, 197, 310, 191, 0, 0, 320, 189, 0, 0, 326, 210, 349, 206, 287, 218, 288, 217, 261, 220, 264, 220, 365, 284, 380, 283, 313, 309, 334, 308, 328, 364, 360, 357],squat_right
306,2021-03-04 08:06:04.547268,[306, 198, 309, 193, 0, 0, 320, 191, 0, 0, 323, 212, 349, 208, 284, 223, 287, 222, 258, 223, 261, 223, 367, 284, 380, 284, 313, 309, 324, 308, 329, 363, 357, 358],squat_right
307,2021-03-04 08:06:04.709652,[305, 198, 309, 192, 0, 0, 321, 190, 0, 0, 324, 210, 347, 205, 283, 224, 286, 222, 259, 224, 262, 224, 367, 282, 381, 282, 312, 308, 333, 308, 328, 364, 360, 356],squat_right
308,2021-03-04 08:06:04.872770,[306, 187, 307, 180, 0, 0, 319, 178, 0, 0, 323, 198, 350, 196, 282, 213, 287, 209, 257, 214, 261, 214, 361, 272, 380, 272, 316, 305, 339, 306, 328, 363, 363, 357],squat_right
309,2021-03-04 08:06:05.063272,[302, 168, 304, 162, 0, 0, 314, 160, 0, 0, 320, 181, 349, 180, 280, 194, 282, 191, 252, 194, 255, 193, 359, 260, 377, 259, 322, 301, 343, 300, 332, 363, 361, 358],squat_right
310,2021-03-04 08:06:05.241233,[301, 149, 303, 144, 0, 0, 318, 140, 0, 0, 323, 162, 340, 159, 288, 171, 321, 163, 254, 171, 256, 170, 353, 244, 367, 242, 329, 298, 337, 297, 339, 359, 353, 356],squat_right
311,2021-03-04 08:06:05.405380,[305, 141, 309, 134, 303, 135, 325, 133, 0, 0, 328, 150, 338, 150, 289, 161, 280, 157, 253, 160, 254, 160, 353, 239, 350, 240, 333, 297, 342, 296, 340, 360, 348, 359],squat_right
312,2021-03-04 08:06:05.547015,[307, 142, 312, 135, 305, 136, 328, 134, 0, 0, 333, 151, 337, 151, 294, 159, 280, 156, 256, 159, 256, 159, 353, 240, 347, 241, 331, 298, 338, 297, 340, 359, 348, 359],squat_right
313,2021-03-04 08:06:05.708041,[309, 143, 315, 137, 307, 139, 331, 138, 0, 0, 338, 156, 320, 157, 296, 163, 285, 162, 256, 161, 254, 160, 356, 243, 347, 244, 331, 300, 335, 299, 345, 361, 346, 361],squat_right
314,2021-03-04 08:06:05.892772,[307, 156, 311, 149, 305, 151, 327, 148, 0, 0, 333, 164, 332, 166, 295, 174, 282, 172, 256, 174, 256, 174, 358, 250, 345, 252, 329, 302, 329, 302, 344, 361, 344, 361],squat_right
315,2021-03-04 08:06:06.043929,[305, 168, 310, 162, 303, 163, 326, 161, 0, 0, 332, 179, 317, 182, 303, 186, 277, 190, 248, 191, 248, 191, 363, 259, 348, 260, 324, 306, 320, 305, 341, 361, 343, 360],squat_right
316,2021-03-04 08:06:06.208737,[305, 183, 309, 175, 302, 176, 325, 174, 0, 0, 332, 190, 318, 196, 296, 200, 284, 203, 248, 207, 248, 208, 367, 267, 357, 268, 320, 307, 319, 306, 341, 361, 343, 360],squat_right
317,2021-03-04 08:06:06.371903,[300, 190, 305, 183, 298, 184, 322, 182, 0, 0, 332, 198, 320, 203, 290, 213, 282, 215, 238, 222, 240, 222, 368, 277, 358, 274, 316, 307, 314, 306, 341, 360, 343, 359],squat_right
318,2021-03-04 08:06:06.511936,[301, 197, 306, 191, 299, 191, 321, 189, 0, 0, 331, 205, 323, 211, 295, 219, 276, 221, 239, 228, 241, 228, 368, 280, 364, 279, 315, 309, 312, 308, 342, 359, 343, 358],squat_right
319,2021-03-04 08:06:06.697243,[302, 197, 307, 190, 297, 192, 321, 189, 0, 0, 328, 208, 322, 212, 300, 218, 279, 224, 240, 230, 242, 230, 366, 282, 364, 282, 313, 311, 309, 310, 340, 360, 341, 359],squat_right
320,2021-03-04 08:06:06.873406,[300, 196, 305, 189, 297, 190, 319, 187, 0, 0, 326, 205, 322, 209, 291, 219, 282, 221, 242, 227, 244, 226, 366, 279, 353, 277, 314, 311, 310, 311, 342, 359, 342, 358],squat_right
321,2021-03-04 08:06:07.041233,[300, 183, 305, 176, 296, 177, 319, 174, 0, 0, 328, 193, 322, 197, 289, 206, 271, 208, 240, 215, 242, 215, 364, 269, 349, 270, 317, 308, 314, 307, 341, 360, 343, 359],squat_right
322,2021-03-04 08:06:07.209741,[300, 167, 306, 160, 297, 162, 319, 158, 0, 0, 328, 178, 324, 181, 288, 191, 281, 191, 244, 197, 245, 197, 363, 257, 345, 259, 326, 305, 322, 305, 341, 361, 343, 361],squat_right
323,2021-03-04 08:06:07.373458,[301, 149, 305, 143, 298, 144, 319, 143, 0, 0, 330, 161, 306, 169, 300, 169, 277, 173, 243, 178, 244, 178, 360, 245, 346, 248, 330, 301, 329, 300, 344, 361, 344, 361],squat_right
324,2021-03-04 08:06:07.574942,[299, 140, 304, 133, 296, 135, 320, 131, 0, 0, 328, 151, 320, 156, 287, 164, 275, 161, 246, 164, 245, 164, 356, 238, 345, 240, 336, 299, 336, 299, 348, 358, 346, 357],squat_right
325,2021-03-04 08:06:07.770540,[302, 140, 306, 131, 299, 134, 321, 130, 0, 0, 329, 149, 320, 151, 290, 160, 281, 160, 249, 160, 250, 160, 353, 239, 342, 241, 335, 300, 340, 299, 347, 359, 346, 359],squat_right
326,2021-03-04 08:06:07.939167,[303, 143, 308, 136, 300, 138, 324, 136, 0, 0, 333, 152, 311, 159, 290, 162, 275, 160, 248, 161, 248, 161, 354, 242, 339, 244, 330, 300, 330, 300, 345, 361, 344, 361],squat_right
327,2021-03-04 08:06:08.079008,[303, 153, 307, 146, 299, 147, 322, 145, 0, 0, 328, 163, 308, 166, 290, 169, 279, 169, 247, 170, 247, 170, 355, 249, 343, 251, 327, 303, 326, 303, 342, 362, 342, 362],squat_right
328,2021-03-04 08:06:08.241996,[305, 168, 306, 159, 299, 161, 321, 159, 0, 0, 330, 176, 304, 184, 297, 182, 277, 186, 247, 187, 246, 187, 360, 258, 346, 260, 321, 306, 321, 306, 342, 361, 342, 361],squat_right
329,2021-03-04 08:06:08.406067,[301, 180, 305, 174, 297, 176, 318, 172, 0, 0, 327, 189, 313, 194, 288, 199, 280, 199, 245, 201, 246, 202, 363, 268, 353, 270, 318, 307, 315, 305, 340, 360, 341, 359],squat_right
330,2021-03-04 08:06:08.552831,[296, 188, 302, 180, 293, 182, 316, 178, 0, 0, 325, 197, 314, 202, 289, 206, 274, 207, 240, 210, 240, 210, 365, 273, 350, 274, 314, 307, 312, 306, 341, 361, 341, 360],squat_right
331,2021-03-04 08:06:08.712995,[298, 196, 303, 190, 295, 191, 316, 187, 0, 0, 325, 205, 326, 205, 287, 217, 278, 218, 246, 216, 239, 219, 363, 281, 360, 281, 312, 311, 309, 310, 340, 361, 341, 361],squat_right
332,2021-03-04 08:06:08.872422,[296, 199, 303, 193, 293, 194, 318, 190, 0, 0, 324, 210, 317, 213, 290, 220, 268, 222, 240, 225, 239, 225, 366, 284, 359, 284, 312, 310, 308, 310, 342, 361, 339, 360],squat_right
333,2021-03-04 08:06:09.040676,[294, 202, 302, 195, 291, 196, 316, 191, 0, 0, 321, 212, 326, 209, 282, 222, 271, 222, 242, 227, 242, 227, 366, 285, 361, 284, 311, 311, 308, 311, 341, 361, 339, 360],squat_right
334,2021-03-04 08:06:09.209373,[297, 199, 303, 192, 292, 193, 318, 190, 0, 0, 324, 209, 309, 212, 290, 219, 266, 222, 238, 225, 237, 226, 365, 283, 360, 283, 312, 310, 309, 310, 341, 361, 339, 361],squat_right
335,2021-03-04 08:06:09.381087,[295, 190, 301, 184, 293, 185, 316, 180, 0, 0, 322, 199, 325, 199, 283, 210, 276, 210, 237, 217, 239, 217, 365, 275, 360, 274, 314, 307, 311, 306, 340, 360, 341, 360],squat_right
336,2021-03-04 08:06:09.573599,[296, 179, 301, 173, 294, 174, 314, 170, 0, 0, 324, 186, 316, 190, 287, 198, 286, 200, 242, 203, 244, 203, 361, 264, 352, 264, 320, 307, 318, 306, 340, 361, 341, 361],squat_right
337,2021-03-04 08:06:09.741080,[295, 165, 300, 159, 293, 160, 314, 157, 0, 0, 322, 175, 328, 172, 283, 185, 272, 186, 242, 189, 243, 189, 360, 253, 349, 255, 327, 302, 325, 302, 342, 362, 342, 362],squat_right
338,2021-03-04 08:06:09.906127,[297, 149, 302, 143, 293, 144, 317, 141, 0, 0, 323, 159, 327, 158, 287, 169, 271, 170, 241, 174, 242, 175, 357, 242, 346, 244, 332, 301, 331, 300, 344, 361, 344, 361],squat_right
339,2021-03-04 08:06:10.074422,[296, 141, 302, 133, 294, 135, 316, 131, 0, 0, 323, 150, 328, 149, 284, 158, 272, 157, 245, 160, 246, 160, 353, 236, 343, 238, 340, 297, 339, 297, 348, 359, 347, 358],squat_right
340,2021-03-04 08:06:10.242024,[298, 140, 303, 131, 295, 134, 318, 130, 0, 0, 326, 149, 320, 151, 288, 157, 269, 158, 243, 159, 244, 159, 354, 236, 343, 238, 341, 297, 340, 297, 348, 359, 347, 358],squat_right
341,2021-03-04 08:06:10.418297,[299, 141, 303, 135, 296, 136, 318, 132, 0, 0, 324, 151, 330, 150, 280, 163, 275, 162, 243, 164, 243, 164, 355, 237, 344, 239, 339, 298, 339, 297, 348, 359, 347, 359],squat_right
342,2021-03-04 08:06:10.574792,[303, 151, 305, 143, 298, 144, 319, 141, 0, 0, 328, 158, 315, 164, 293, 167, 284, 170, 247, 170, 248, 170, 356, 245, 345, 247, 332, 302, 331, 301, 345, 361, 344, 361],squat_right
343,2021-03-04 08:06:10.741964,[301, 163, 305, 156, 298, 157, 319, 153, 0, 0, 327, 171, 314, 175, 288, 182, 278, 181, 244, 183, 244, 183, 359, 254, 349, 256, 326, 304, 322, 304, 343, 362, 342, 361],squat_right
344,2021-03-04 08:06:10.905751,[298, 175, 303, 168, 296, 169, 317, 165, 0, 0, 326, 183, 317, 187, 285, 196, 279, 194, 243, 197, 244, 198, 360, 264, 352, 264, 320, 308, 317, 307, 341, 361, 342, 361],squat_right
345,2021-03-04 08:06:11.074368,[296, 190, 301, 183, 293, 185, 316, 180, 0, 0, 325, 198, 315, 204, 285, 209, 277, 210, 239, 216, 241, 216, 366, 277, 352, 277, 313, 307, 311, 306, 340, 360, 340, 360],squat_right
346,2021-03-04 08:06:11.270971,[296, 198, 301, 190, 292, 192, 317, 189, 0, 0, 325, 207, 313, 212, 293, 218, 271, 223, 238, 228, 240, 227, 365, 282, 360, 282, 312, 309, 309, 309, 341, 361, 339, 360],squat_right
347,2021-03-04 08:06:11.437603,[294, 199, 300, 193, 290, 194, 315, 190, 0, 0, 323, 210, 311, 213, 286, 223, 269, 223, 236, 230, 238, 230, 367, 283, 352, 284, 313, 311, 308, 311, 341, 362, 339, 361],squat_right
348,2021-03-04 08:06:11.577641,[292, 200, 298, 193, 289, 194, 314, 191, 0, 0, 322, 210, 310, 212, 284, 223, 268, 223, 235, 230, 236, 230, 366, 283, 351, 284, 311, 311, 308, 311, 340, 363, 338, 362],squat_right
349,2021-03-04 08:06:11.741300,[294, 195, 299, 189, 290, 190, 315, 187, 0, 0, 322, 203, 319, 206, 289, 216, 277, 220, 234, 226, 234, 226, 361, 280, 361, 280, 312, 311, 309, 310, 339, 363, 340, 362],squat_right
350,2021-03-04 08:06:11.905252,[294, 182, 300, 174, 291, 177, 315, 174, 0, 0, 322, 190, 313, 195, 287, 202, 278, 205, 238, 210, 240, 211, 361, 269, 348, 270, 315, 307, 312, 305, 340, 361, 341, 361],squat_right
351,2021-03-04 08:06:12.062364,[291, 168, 297, 161, 290, 163, 314, 159, 0, 0, 318, 178, 323, 178, 291, 189, 271, 190, 239, 196, 240, 196, 358, 257, 350, 258, 322, 306, 318, 306, 341, 361, 342, 361],squat_right
352,2021-03-04 08:06:12.214317,[292, 152, 295, 146, 0, 0, 310, 144, 0, 0, 320, 164, 330, 160, 281, 172, 272, 172, 237, 180, 238, 180, 352, 246, 353, 246, 329, 302, 328, 301, 343, 361, 342, 361],squat_right
353,2021-03-04 08:06:12.371962,[294, 138, 298, 132, 0, 0, 312, 130, 0, 0, 323, 150, 330, 146, 283, 158, 304, 154, 244, 161, 244, 161, 346, 238, 348, 238, 335, 298, 339, 298, 347, 358, 347, 357],squat_right
354,2021-03-04 08:06:12.540970,[300, 132, 303, 128, 0, 0, 316, 126, 0, 0, 323, 146, 330, 144, 283, 153, 288, 152, 247, 154, 248, 154, 346, 234, 348, 235, 340, 294, 342, 294, 349, 360, 348, 359],squat_right
355,2021-03-04 08:06:12.707892,[300, 134, 303, 129, 0, 0, 317, 126, 0, 0, 325, 146, 330, 144, 284, 155, 290, 154, 247, 157, 249, 157, 350, 234, 346, 235, 339, 294, 343, 293, 349, 359, 348, 358],squat_right
356,2021-03-04 08:06:12.895176,[299, 143, 303, 136, 0, 0, 318, 133, 0, 0, 328, 151, 332, 151, 290, 163, 279, 157, 247, 163, 247, 163, 351, 243, 352, 242, 332, 298, 335, 298, 345, 359, 345, 359],squat_right
357,2021-03-04 08:06:13.095728,[303, 158, 307, 151, 301, 152, 326, 151, 0, 0, 330, 167, 333, 169, 283, 180, 282, 179, 246, 180, 244, 180, 357, 255, 355, 255, 325, 306, 324, 305, 341, 362, 342, 362],squat_right
358,2021-03-04 08:06:13.244852,[301, 172, 305, 165, 299, 166, 322, 162, 0, 0, 329, 180, 331, 180, 287, 192, 271, 191, 244, 196, 243, 196, 362, 262, 356, 262, 321, 307, 319, 307, 340, 361, 342, 361],squat_right
359,2021-03-04 08:06:13.405791,[300, 182, 305, 176, 297, 177, 319, 174, 0, 0, 326, 193, 331, 192, 286, 202, 273, 206, 236, 213, 237, 213, 363, 269, 366, 269, 318, 307, 314, 306, 341, 359, 339, 358],squat_right
360,2021-03-04 08:06:13.574240,[298, 189, 304, 182, 294, 183, 318, 180, 0, 0, 322, 199, 331, 198, 283, 214, 281, 215, 249, 221, 236, 223, 366, 277, 369, 275, 314, 307, 311, 306, 341, 359, 341, 359],squat_right
361,2021-03-04 08:06:13.741276,[298, 190, 303, 184, 295, 185, 318, 182, 0, 0, 325, 201, 320, 203, 291, 216, 279, 218, 239, 223, 237, 223, 368, 278, 360, 277, 314, 308, 310, 307, 341, 360, 339, 359],squat_right
362,2021-03-04 08:06:13.926260,[298, 190, 303, 183, 294, 184, 318, 181, 0, 0, 324, 201, 321, 203, 288, 216, 277, 217, 233, 224, 246, 225, 366, 279, 360, 277, 314, 308, 310, 308, 341, 360, 338, 359],squat_right
363,2021-03-04 08:06:14.072872,[297, 190, 303, 183, 294, 184, 317, 181, 0, 0, 322, 201, 324, 202, 284, 215, 276, 216, 0, 0, 244, 224, 364, 277, 352, 276, 314, 310, 310, 309, 340, 361, 339, 360],squat_right
364,2021-03-04 08:06:14.238733,[295, 185, 301, 177, 292, 179, 317, 175, 0, 0, 321, 195, 327, 194, 276, 210, 267, 212, 234, 219, 237, 219, 363, 271, 348, 273, 314, 309, 311, 308, 340, 361, 341, 360],squat_right
365,2021-03-04 08:06:14.403385,[294, 173, 299, 165, 292, 166, 315, 163, 0, 0, 321, 181, 329, 180, 276, 196, 270, 197, 233, 204, 235, 204, 359, 261, 352, 260, 321, 307, 319, 307, 340, 361, 341, 361],squat_right
366,2021-03-04 08:06:14.571230,[293, 155, 299, 146, 291, 148, 315, 144, 0, 0, 319, 163, 328, 161, 286, 173, 268, 174, 236, 183, 237, 182, 357, 247, 346, 249, 328, 302, 325, 301, 343, 362, 341, 361],squat_right
367,2021-03-04 08:06:14.734629,[295, 142, 300, 135, 292, 136, 316, 132, 0, 0, 321, 150, 328, 150, 286, 160, 270, 159, 235, 166, 236, 165, 351, 238, 338, 242, 329, 297, 328, 296, 345, 359, 344, 358],squat_right
368,2021-03-04 08:06:14.873390,[300, 133, 304, 127, 295, 128, 318, 126, 0, 0, 329, 143, 298, 152, 311, 150, 269, 152, 240, 152, 239, 152, 346, 234, 333, 237, 327, 295, 336, 296, 344, 357, 349, 357],squat_right
369,2021-03-04 08:06:15.038084,[299, 135, 306, 128, 294, 129, 318, 128, 0, 0, 328, 145, 288, 157, 301, 149, 268, 153, 239, 151, 238, 151, 344, 236, 327, 239, 326, 295, 339, 295, 341, 357, 345, 356],squat_right
370,2021-03-04 08:06:15.206472,[296, 143, 302, 137, 292, 138, 317, 136, 0, 0, 328, 153, 297, 158, 310, 150, 268, 158, 237, 158, 238, 158, 346, 242, 328, 246, 328, 298, 316, 297, 343, 358, 338, 356],squat_right
371,2021-03-04 08:06:15.369685,[297, 159, 303, 152, 293, 154, 318, 152, 0, 0, 327, 168, 301, 172, 313, 163, 269, 174, 240, 172, 235, 175, 350, 255, 338, 256, 318, 302, 309, 300, 340, 359, 339, 359],squat_right
372,2021-03-04 08:06:15.532282,[297, 173, 302, 165, 292, 167, 316, 163, 0, 0, 327, 181, 293, 186, 313, 178, 261, 189, 302, 174, 232, 191, 352, 263, 331, 265, 313, 305, 304, 303, 333, 359, 340, 358],squat_right
373,2021-03-04 08:06:15.675423,[297, 183, 303, 176, 293, 177, 317, 176, 0, 0, 325, 194, 293, 202, 299, 197, 259, 204, 0, 0, 227, 207, 357, 273, 337, 274, 308, 308, 299, 306, 321, 358, 336, 358],squat_right
374,2021-03-04 08:06:15.836353,[296, 193, 302, 185, 291, 187, 318, 182, 0, 0, 325, 201, 291, 208, 0, 0, 258, 212, 231, 217, 229, 218, 357, 278, 334, 278, 308, 308, 295, 307, 326, 358, 330, 356],squat_right
375,2021-03-04 08:06:15.976452,[296, 192, 302, 187, 291, 189, 316, 185, 0, 0, 324, 203, 288, 213, 291, 211, 260, 216, 229, 220, 229, 220, 357, 280, 337, 281, 309, 309, 294, 307, 338, 360, 327, 356],squat_right
376,2021-03-04 08:06:16.140883,[297, 192, 302, 186, 291, 188, 316, 185, 0, 0, 324, 203, 289, 211, 291, 209, 262, 215, 228, 220, 229, 220, 356, 279, 332, 280, 310, 309, 295, 308, 339, 360, 321, 355],squat_right
377,2021-03-04 08:06:16.323087,[295, 189, 302, 182, 291, 183, 316, 180, 0, 0, 325, 200, 293, 206, 283, 209, 260, 211, 225, 218, 228, 218, 355, 276, 334, 276, 309, 309, 295, 308, 338, 359, 325, 355],squat_right
378,2021-03-04 08:06:16.473469,[297, 180, 303, 174, 292, 174, 316, 174, 0, 0, 323, 191, 291, 203, 309, 197, 260, 204, 0, 0, 228, 208, 353, 270, 338, 270, 308, 306, 298, 305, 335, 359, 335, 357],squat_right
379,2021-03-04 08:06:16.638916,[294, 171, 302, 164, 291, 166, 315, 164, 0, 0, 324, 183, 288, 191, 296, 185, 255, 192, 232, 198, 232, 198, 352, 263, 333, 264, 312, 305, 304, 303, 336, 359, 336, 358],squat_right
380,2021-03-04 08:06:16.773258,[295, 162, 301, 156, 291, 157, 316, 155, 0, 0, 322, 174, 293, 182, 282, 181, 266, 182, 233, 186, 235, 186, 351, 256, 335, 258, 315, 302, 309, 301, 338, 359, 342, 359],squat_right
381,2021-03-04 08:06:16.940039,[296, 150, 301, 144, 292, 145, 317, 143, 0, 0, 325, 160, 292, 171, 310, 163, 266, 169, 235, 169, 235, 170, 346, 248, 327, 252, 320, 302, 310, 300, 339, 359, 339, 358],squat_right
382,2021-03-04 08:06:17.122593,[294, 141, 300, 135, 292, 135, 315, 133, 0, 0, 326, 150, 298, 158, 296, 151, 266, 154, 236, 157, 237, 157, 343, 241, 325, 244, 327, 299, 317, 299, 343, 359, 339, 357],squat_right
383,2021-03-04 08:06:17.269854,[302, 132, 306, 126, 295, 126, 319, 126, 0, 0, 328, 143, 290, 153, 306, 150, 265, 147, 237, 144, 236, 144, 340, 235, 328, 237, 324, 296, 335, 296, 342, 356, 345, 356],squat_right
384,2021-03-04 08:06:17.407395,[303, 132, 307, 126, 298, 126, 320, 125, 0, 0, 332, 142, 298, 148, 311, 146, 267, 143, 238, 139, 240, 139, 338, 235, 332, 237, 324, 294, 340, 295, 344, 356, 344, 355],squat_right
385,2021-03-04 08:06:17.572055,[304, 131, 307, 123, 300, 126, 322, 124, 0, 0, 332, 140, 309, 142, 293, 145, 275, 142, 244, 137, 243, 138, 341, 233, 335, 235, 334, 290, 341, 289, 345, 358, 350, 358],squat_right
386,2021-03-04 08:06:17.735889,[303, 131, 306, 126, 301, 127, 323, 125, 0, 0, 332, 143, 317, 144, 305, 142, 286, 147, 244, 140, 244, 141, 345, 233, 338, 235, 335, 293, 338, 293, 353, 358, 350, 357],squat_right
387,2021-03-04 08:06:17.881708,[303, 138, 305, 131, 0, 0, 321, 127, 0, 0, 327, 148, 337, 146, 289, 155, 303, 153, 251, 151, 251, 151, 343, 238, 348, 239, 335, 297, 335, 296, 351, 358, 348, 357],squat_right
388,2021-03-04 08:06:18.068025,[298, 152, 302, 145, 0, 0, 319, 144, 0, 0, 325, 162, 331, 161, 293, 170, 301, 167, 246, 168, 246, 168, 355, 247, 350, 247, 329, 301, 329, 300, 341, 362, 342, 361],squat_right
389,2021-03-04 08:06:18.223122,[295, 174, 299, 166, 0, 0, 313, 162, 0, 0, 323, 181, 334, 178, 286, 189, 271, 188, 240, 190, 241, 190, 357, 258, 354, 258, 322, 305, 318, 304, 338, 362, 340, 362],squat_right
390,2021-03-04 08:06:18.372117,[295, 187, 301, 179, 294, 181, 315, 177, 0, 0, 322, 196, 329, 193, 279, 206, 266, 206, 236, 211, 236, 211, 361, 271, 350, 272, 313, 310, 310, 309, 335, 361, 340, 360],squat_right
391,2021-03-04 08:06:18.508905,[297, 195, 302, 189, 294, 190, 315, 185, 0, 0, 322, 203, 325, 202, 286, 217, 277, 218, 231, 221, 242, 222, 358, 279, 353, 278, 311, 313, 306, 312, 335, 361, 337, 360],squat_right
392,2021-03-04 08:06:18.669907,[295, 197, 301, 191, 292, 191, 316, 188, 0, 0, 321, 205, 326, 204, 282, 221, 271, 222, 234, 228, 237, 228, 359, 280, 353, 280, 310, 314, 305, 313, 335, 360, 338, 359],squat_right
393,2021-03-04 08:06:18.807951,[294, 192, 300, 185, 291, 186, 315, 182, 0, 0, 319, 201, 329, 200, 282, 218, 269, 220, 233, 225, 233, 225, 357, 278, 359, 277, 310, 313, 307, 312, 333, 361, 340, 360],squat_right
394,2021-03-04 08:06:18.975521,[295, 182, 300, 176, 293, 176, 315, 173, 0, 0, 321, 190, 327, 189, 283, 204, 271, 205, 233, 212, 235, 212, 357, 268, 349, 268, 314, 310, 311, 309, 335, 362, 341, 361],squat_right
395,2021-03-04 08:06:19.136900,[295, 165, 299, 159, 0, 0, 314, 156, 0, 0, 320, 174, 328, 172, 282, 187, 271, 187, 238, 192, 239, 193, 355, 254, 354, 255, 321, 305, 319, 304, 340, 363, 341, 363],squat_right
396,2021-03-04 08:06:19.274841,[297, 149, 302, 144, 295, 144, 316, 142, 0, 0, 322, 159, 326, 158, 283, 170, 278, 168, 241, 174, 243, 174, 352, 244, 347, 245, 324, 299, 328, 298, 340, 361, 342, 361],squat_right
397,2021-03-04 08:06:19.438465,[300, 133, 306, 126, 298, 128, 322, 128, 0, 0, 326, 147, 313, 150, 285, 154, 276, 154, 246, 156, 246, 157, 345, 236, 342, 237, 333, 297, 338, 296, 345, 358, 347, 358],squat_right
398,2021-03-04 08:06:19.572988,[305, 132, 312, 126, 302, 126, 328, 128, 0, 0, 329, 145, 308, 150, 295, 151, 279, 152, 248, 152, 248, 153, 344, 236, 336, 238, 335, 294, 339, 293, 347, 357, 349, 357],squat_right
399,2021-03-04 08:06:19.737609,[305, 136, 311, 129, 303, 130, 328, 130, 0, 0, 329, 148, 323, 147, 304, 154, 280, 157, 251, 157, 251, 157, 346, 238, 336, 241, 333, 295, 343, 293, 344, 359, 350, 358],squat_right
400,2021-03-04 08:06:19.908058,[305, 144, 312, 139, 303, 140, 327, 139, 0, 0, 332, 158, 324, 157, 291, 166, 282, 163, 254, 163, 252, 162, 354, 242, 343, 243, 327, 295, 336, 294, 339, 357, 348, 356],squat_right
401,2021-03-04 08:06:20.068898,[303, 157, 307, 151, 301, 152, 322, 150, 0, 0, 325, 168, 337, 166, 286, 179, 276, 174, 250, 176, 250, 176, 353, 249, 355, 248, 326, 298, 324, 298, 339, 356, 347, 355],squat_right
402,2021-03-04 08:06:20.210600,[301, 172, 305, 165, 299, 165, 317, 162, 0, 0, 324, 181, 333, 179, 283, 190, 275, 188, 248, 190, 248, 190, 357, 258, 355, 257, 321, 303, 317, 302, 339, 354, 345, 354],squat_right
403,2021-03-04 08:06:20.371564,[296, 187, 301, 180, 294, 181, 315, 177, 0, 0, 320, 196, 330, 193, 280, 207, 273, 208, 247, 210, 246, 210, 359, 268, 353, 268, 312, 306, 309, 304, 338, 355, 342, 353],squat_right
404,2021-03-04 08:06:20.511945,[295, 195, 301, 190, 293, 190, 314, 187, 0, 0, 320, 204, 328, 202, 284, 219, 272, 223, 247, 222, 246, 223, 357, 274, 360, 272, 310, 308, 305, 307, 332, 356, 345, 353],squat_right
405,2021-03-04 08:06:20.671137,[293, 195, 299, 188, 291, 190, 313, 185, 0, 0, 318, 203, 324, 202, 282, 219, 273, 222, 242, 225, 244, 226, 355, 273, 357, 272, 310, 308, 303, 307, 332, 358, 346, 355],squat_right
406,2021-03-04 08:06:20.809922,[291, 186, 296, 179, 289, 180, 312, 177, 0, 0, 315, 194, 323, 193, 277, 210, 271, 209, 238, 216, 241, 216, 355, 266, 345, 267, 311, 306, 308, 305, 332, 357, 345, 353],squat_right
407,2021-03-04 08:06:20.968801,[291, 171, 295, 164, 290, 165, 310, 162, 0, 0, 313, 179, 325, 176, 273, 194, 270, 193, 239, 198, 241, 198, 350, 255, 351, 255, 316, 303, 311, 302, 337, 355, 340, 354],squat_right
408,2021-03-04 08:06:21.106932,[293, 157, 299, 151, 292, 152, 313, 150, 0, 0, 317, 169, 326, 166, 277, 179, 278, 177, 242, 182, 243, 182, 347, 247, 343, 248, 319, 300, 318, 299, 336, 355, 343, 354],squat_right
409,2021-03-04 08:06:21.271240,[298, 147, 304, 142, 296, 141, 317, 139, 0, 0, 322, 157, 312, 158, 283, 166, 276, 165, 249, 167, 248, 167, 345, 240, 334, 243, 325, 297, 329, 296, 335, 355, 347, 355],squat_right
410,2021-03-04 08:06:21.458768,[302, 141, 305, 132, 299, 134, 319, 132, 0, 0, 322, 151, 328, 149, 286, 159, 284, 158, 250, 158, 250, 159, 344, 235, 334, 238, 327, 293, 342, 292, 339, 357, 349, 356],squat_right
411,2021-03-04 08:06:21.605237,[304, 138, 309, 131, 301, 132, 325, 131, 0, 0, 327, 149, 317, 149, 301, 153, 277, 156, 252, 157, 252, 157, 346, 233, 333, 237, 326, 292, 344, 291, 340, 356, 347, 355],squat_right
412,2021-03-04 08:06:21.771270,[306, 135, 312, 130, 303, 131, 328, 131, 0, 0, 330, 149, 312, 152, 304, 152, 280, 156, 253, 156, 251, 156, 347, 234, 335, 237, 327, 291, 343, 291, 341, 356, 351, 355],squat_right
413,2021-03-04 08:06:21.905993,[305, 134, 312, 127, 303, 129, 328, 130, 0, 0, 327, 147, 321, 149, 292, 157, 285, 157, 254, 155, 253, 156, 344, 236, 336, 238, 334, 292, 337, 292, 345, 357, 350, 357],squat_right
414,2021-03-04 08:06:22.070517,[303, 140, 307, 132, 300, 134, 323, 132, 0, 0, 327, 151, 324, 150, 288, 159, 271, 157, 246, 158, 245, 158, 347, 238, 335, 241, 328, 298, 331, 297, 341, 358, 343, 358],squat_right
415,2021-03-04 08:06:22.215447,[302, 146, 307, 139, 299, 140, 322, 138, 0, 0, 329, 156, 308, 161, 310, 164, 277, 163, 248, 162, 247, 163, 351, 243, 339, 245, 325, 299, 327, 298, 341, 360, 341, 360],squat_right
416,2021-03-04 08:06:22.372943,[301, 158, 306, 152, 298, 153, 320, 150, 0, 0, 328, 167, 313, 172, 307, 179, 273, 175, 244, 177, 243, 178, 354, 252, 344, 254, 320, 304, 319, 303, 337, 362, 338, 361],squat_right
417,2021-03-04 08:06:22.537820,[298, 171, 305, 163, 296, 165, 317, 162, 0, 0, 325, 180, 325, 181, 287, 190, 278, 191, 243, 193, 242, 193, 356, 260, 342, 261, 316, 308, 314, 307, 335, 362, 339, 362],squat_right
418,2021-03-04 08:06:22.675403,[299, 180, 304, 175, 296, 175, 318, 172, 0, 0, 326, 188, 311, 193, 290, 199, 276, 201, 237, 204, 240, 205, 359, 268, 349, 268, 312, 309, 311, 308, 334, 362, 339, 361],squat_right
419,2021-03-04 08:06:22.835210,[295, 187, 303, 180, 292, 181, 316, 178, 0, 0, 323, 197, 315, 200, 284, 208, 272, 208, 234, 217, 237, 216, 362, 273, 346, 274, 312, 310, 309, 309, 336, 361, 338, 360],squat_right
420,2021-03-04 08:06:23.003583,[295, 191, 301, 185, 291, 186, 316, 182, 0, 0, 320, 202, 311, 204, 281, 214, 271, 216, 229, 222, 231, 222, 361, 278, 349, 277, 311, 312, 308, 311, 336, 361, 339, 360],squat_right
