0,2021-03-04 08:02:13.915069,[360, 157, 363, 152, 354, 151, 0, 0, 338, 158, 351, 177, 342, 179, 396, 183, 395, 180, 434, 181, 435, 182, 339, 263, 326, 263, 372, 307, 371, 309, 347, 366, 352, 367],squat_left
1,2021-03-04 08:02:14.319712,[359, 158, 363, 153, 353, 151, 0, 0, 337, 158, 350, 176, 339, 179, 392, 182, 391, 180, 433, 181, 434, 181, 336, 263, 326, 264, 372, 307, 372, 309, 346, 366, 352, 367],squat_left
2,2021-03-04 08:02:14.447224,[362, 159, 364, 154, 357, 155, 0, 0, 340, 159, 346, 176, 340, 178, 392, 183, 390, 182, 432, 181, 433, 182, 333, 265, 327, 266, 373, 308, 372, 309, 347, 366, 352, 367],squat_left
3,2021-03-04 08:02:14.587508,[364, 159, 365, 153, 360, 153, 0, 0, 343, 158, 339, 175, 345, 178, 395, 184, 394, 182, 433, 182, 435, 183, 331, 264, 327, 265, 372, 308, 371, 309, 347, 366, 352, 367],squat_left
4,2021-03-04 08:02:14.761186,[365, 158, 366, 153, 361, 153, 0, 0, 344, 157, 338, 175, 346, 177, 407, 181, 392, 181, 432, 179, 433, 180, 332, 264, 327, 264, 370, 308, 371, 309, 347, 366, 352, 367],squat_left
5,2021-03-04 08:02:14.920163,[365, 158, 366, 153, 361, 153, 0, 0, 344, 158, 336, 176, 347, 177, 408, 181, 394, 181, 434, 179, 434, 179, 332, 264, 327, 265, 372, 308, 372, 310, 347, 366, 352, 367],squat_left
6,2021-03-04 08:02:15.083538,[365, 160, 366, 154, 361, 154, 0, 0, 345, 159, 336, 176, 348, 177, 396, 183, 394, 182, 433, 181, 434, 181, 335, 265, 327, 266, 375, 308, 371, 310, 347, 366, 352, 367],squat_left
7,2021-03-04 08:02:15.274421,[365, 160, 365, 155, 360, 155, 0, 0, 345, 160, 333, 177, 350, 178, 408, 184, 396, 182, 437, 183, 440, 183, 336, 268, 326, 268, 375, 309, 372, 310, 347, 366, 352, 367],squat_left
8,2021-03-04 08:02:15.465381,[368, 162, 0, 0, 364, 159, 0, 0, 347, 163, 337, 181, 349, 182, 405, 190, 393, 190, 438, 187, 440, 187, 327, 272, 324, 272, 374, 309, 372, 311, 348, 366, 352, 367],squat_left
9,2021-03-04 08:02:15.620185,[369, 165, 0, 0, 365, 160, 0, 0, 347, 165, 337, 183, 349, 185, 406, 191, 395, 192, 436, 192, 0, 0, 327, 275, 324, 275, 376, 311, 373, 312, 348, 366, 352, 367],squat_left
10,2021-03-04 08:02:15.784269,[369, 165, 0, 0, 364, 160, 0, 0, 346, 165, 336, 183, 347, 185, 409, 191, 396, 190, 440, 190, 0, 0, 331, 274, 325, 274, 376, 310, 373, 311, 348, 366, 351, 367],squat_left
11,2021-03-04 08:02:15.945603,[366, 159, 366, 154, 360, 154, 0, 0, 345, 158, 335, 176, 349, 177, 400, 183, 390, 183, 435, 185, 437, 186, 332, 264, 328, 265, 372, 307, 371, 309, 347, 366, 351, 367],squat_left
12,2021-03-04 08:02:16.087120,[365, 148, 0, 0, 360, 143, 0, 0, 345, 147, 334, 169, 346, 169, 405, 176, 393, 175, 432, 173, 433, 173, 322, 257, 328, 259, 364, 307, 369, 308, 345, 366, 346, 367],squat_left
13,2021-03-04 08:02:16.261635,[363, 133, 0, 0, 357, 128, 0, 0, 343, 133, 335, 154, 343, 155, 392, 158, 390, 160, 424, 158, 425, 159, 324, 247, 328, 249, 358, 304, 360, 305, 346, 365, 345, 367],squat_left
14,2021-03-04 08:02:16.418011,[359, 120, 358, 114, 352, 116, 0, 0, 336, 121, 334, 139, 336, 142, 384, 149, 386, 147, 422, 146, 420, 146, 330, 238, 328, 240, 346, 301, 348, 302, 338, 369, 337, 370],squat_left
15,2021-03-04 08:02:16.584319,[356, 119, 353, 113, 349, 114, 0, 0, 331, 122, 332, 139, 333, 142, 385, 146, 383, 145, 416, 139, 417, 140, 330, 236, 331, 238, 335, 301, 336, 301, 337, 368, 334, 369],squat_left
16,2021-03-04 08:02:16.751159,[354, 120, 0, 0, 349, 114, 0, 0, 331, 121, 323, 139, 334, 142, 391, 146, 381, 146, 418, 143, 418, 143, 325, 239, 328, 241, 342, 301, 347, 302, 338, 368, 336, 369],squat_left
17,2021-03-04 08:02:16.912023,[353, 130, 353, 125, 347, 125, 0, 0, 330, 131, 320, 149, 333, 150, 387, 149, 382, 150, 416, 148, 417, 148, 322, 248, 327, 250, 347, 304, 354, 304, 344, 367, 345, 368],squat_left
18,2021-03-04 08:02:17.065393,[354, 142, 0, 0, 349, 135, 0, 0, 331, 141, 324, 161, 332, 162, 388, 162, 379, 162, 417, 159, 417, 159, 317, 259, 327, 260, 350, 307, 363, 307, 346, 368, 346, 368],squat_left
19,2021-03-04 08:02:17.250791,[358, 160, 0, 0, 352, 152, 0, 0, 336, 156, 325, 175, 338, 177, 397, 178, 387, 177, 428, 176, 429, 176, 316, 264, 323, 266, 367, 307, 367, 308, 346, 368, 351, 368],squat_left
20,2021-03-04 08:02:17.412790,[362, 168, 0, 0, 356, 162, 0, 0, 342, 166, 326, 187, 344, 188, 395, 192, 390, 192, 435, 188, 0, 0, 320, 274, 319, 275, 371, 310, 370, 311, 349, 369, 353, 370],squat_left
21,2021-03-04 08:02:17.553623,[362, 177, 363, 172, 358, 171, 0, 0, 342, 176, 332, 193, 345, 195, 394, 200, 390, 200, 433, 200, 436, 200, 312, 282, 318, 283, 369, 312, 372, 313, 347, 367, 354, 369],squat_left
22,2021-03-04 08:02:17.717199,[365, 180, 0, 0, 360, 176, 0, 0, 345, 178, 329, 198, 347, 199, 393, 204, 392, 206, 433, 204, 435, 205, 312, 284, 315, 287, 371, 312, 373, 314, 349, 367, 352, 369],squat_left
23,2021-03-04 08:02:17.899208,[365, 181, 364, 176, 359, 176, 0, 0, 344, 180, 331, 199, 348, 201, 408, 207, 397, 206, 438, 205, 439, 205, 313, 286, 314, 289, 371, 312, 373, 314, 349, 367, 352, 369],squat_left
24,2021-03-04 08:02:18.050400,[364, 178, 363, 174, 359, 174, 0, 0, 344, 177, 329, 195, 348, 198, 413, 204, 406, 203, 448, 201, 450, 201, 311, 283, 318, 285, 370, 312, 372, 314, 348, 367, 353, 368],squat_left
25,2021-03-04 08:02:18.218660,[361, 171, 363, 162, 358, 163, 0, 0, 343, 168, 332, 186, 345, 187, 387, 194, 390, 193, 431, 191, 431, 192, 321, 273, 318, 275, 370, 310, 369, 311, 348, 367, 351, 368],squat_left
26,2021-03-04 08:02:18.378718,[362, 153, 0, 0, 357, 147, 0, 0, 342, 151, 328, 172, 344, 173, 367, 177, 384, 177, 428, 176, 427, 177, 325, 261, 322, 261, 359, 307, 366, 309, 347, 367, 347, 368],squat_left
27,2021-03-04 08:02:18.522207,[360, 140, 359, 134, 354, 134, 0, 0, 338, 138, 333, 156, 337, 159, 394, 162, 382, 161, 422, 160, 421, 160, 315, 247, 321, 250, 349, 306, 357, 305, 345, 366, 344, 367],squat_left
28,2021-03-04 08:02:18.696134,[356, 124, 0, 0, 350, 118, 0, 0, 333, 123, 322, 141, 337, 143, 391, 147, 380, 146, 418, 145, 417, 145, 317, 242, 326, 244, 343, 302, 349, 303, 338, 369, 337, 370],squat_left
29,2021-03-04 08:02:18.848618,[351, 120, 350, 115, 345, 115, 0, 0, 327, 122, 325, 138, 329, 141, 390, 145, 380, 145, 415, 139, 416, 140, 331, 236, 326, 237, 335, 300, 336, 300, 337, 368, 335, 369],squat_left
30,2021-03-04 08:02:18.988773,[351, 120, 350, 115, 345, 115, 0, 0, 327, 122, 325, 138, 330, 141, 391, 145, 381, 144, 415, 139, 416, 139, 330, 236, 327, 237, 338, 299, 340, 299, 338, 370, 336, 371],squat_left
31,2021-03-04 08:02:19.150442,[352, 122, 351, 116, 347, 116, 0, 0, 329, 123, 327, 142, 331, 143, 391, 148, 382, 146, 418, 143, 418, 144, 323, 243, 327, 245, 346, 301, 347, 302, 340, 366, 337, 367],squat_left
32,2021-03-04 08:02:19.311632,[356, 131, 0, 0, 351, 128, 0, 0, 333, 133, 322, 149, 335, 152, 382, 157, 384, 153, 414, 152, 416, 152, 321, 247, 327, 249, 351, 302, 355, 302, 344, 367, 344, 368],squat_left
33,2021-03-04 08:02:19.457616,[358, 144, 0, 0, 352, 136, 0, 0, 337, 139, 327, 161, 337, 162, 380, 166, 385, 163, 421, 161, 421, 161, 317, 258, 328, 259, 357, 307, 366, 308, 346, 368, 345, 369],squat_left
34,2021-03-04 08:02:19.626511,[361, 154, 0, 0, 356, 148, 0, 0, 339, 153, 338, 171, 338, 174, 395, 178, 397, 175, 439, 169, 443, 168, 332, 263, 327, 265, 365, 310, 370, 311, 346, 369, 351, 370],squat_left
35,2021-03-04 08:02:19.778219,[363, 161, 363, 156, 359, 156, 0, 0, 343, 160, 331, 179, 346, 180, 396, 184, 390, 183, 432, 182, 436, 183, 326, 268, 325, 269, 370, 311, 371, 312, 346, 368, 352, 369],squat_left
36,2021-03-04 08:02:19.920373,[366, 164, 0, 0, 361, 160, 0, 0, 345, 164, 336, 183, 346, 184, 389, 191, 391, 190, 436, 187, 439, 187, 326, 273, 335, 275, 374, 312, 372, 313, 346, 369, 352, 370],squat_left
37,2021-03-04 08:02:20.084244,[367, 168, 367, 163, 363, 163, 0, 0, 345, 170, 337, 187, 348, 188, 409, 192, 396, 192, 440, 191, 0, 0, 328, 275, 324, 276, 375, 313, 373, 314, 348, 368, 353, 370],squat_left
38,2021-03-04 08:02:20.246116,[370, 173, 0, 0, 365, 167, 0, 0, 347, 172, 335, 191, 351, 192, 407, 196, 395, 196, 438, 196, 438, 196, 320, 278, 325, 278, 376, 314, 374, 315, 347, 369, 353, 370],squat_left
39,2021-03-04 08:02:20.404952,[369, 176, 0, 0, 364, 170, 0, 0, 347, 174, 339, 192, 349, 193, 400, 199, 398, 196, 441, 197, 442, 198, 338, 279, 322, 279, 376, 314, 374, 315, 347, 368, 352, 369],squat_left
40,2021-03-04 08:02:20.563381,[369, 175, 369, 170, 364, 170, 0, 0, 347, 174, 341, 192, 348, 193, 401, 199, 397, 196, 441, 198, 442, 198, 333, 280, 323, 280, 376, 314, 374, 315, 347, 368, 352, 369],squat_left
41,2021-03-04 08:02:20.711856,[369, 175, 0, 0, 364, 169, 0, 0, 347, 173, 335, 192, 351, 192, 409, 197, 396, 196, 438, 196, 438, 196, 312, 277, 326, 278, 370, 314, 374, 314, 347, 368, 354, 370],squat_left
42,2021-03-04 08:02:20.852295,[367, 168, 367, 164, 362, 163, 0, 0, 345, 170, 337, 188, 347, 189, 411, 192, 395, 192, 440, 192, 0, 0, 327, 277, 323, 277, 374, 312, 373, 313, 347, 368, 353, 369],squat_left
43,2021-03-04 08:02:21.016534,[366, 163, 0, 0, 361, 159, 0, 0, 345, 163, 332, 180, 348, 182, 411, 190, 397, 188, 447, 184, 0, 0, 326, 270, 323, 271, 374, 309, 371, 311, 347, 368, 352, 369],squat_left
44,2021-03-04 08:02:21.198025,[364, 152, 363, 147, 358, 147, 0, 0, 342, 152, 334, 171, 344, 173, 395, 175, 391, 176, 431, 174, 433, 175, 320, 261, 326, 263, 363, 308, 369, 309, 346, 368, 348, 368],squat_left
45,2021-03-04 08:02:21.354387,[360, 144, 360, 138, 356, 137, 0, 0, 340, 142, 333, 161, 341, 162, 380, 168, 389, 165, 427, 161, 427, 161, 319, 255, 328, 258, 358, 307, 367, 308, 347, 366, 346, 367],squat_left
46,2021-03-04 08:02:21.516685,[360, 133, 0, 0, 354, 128, 0, 0, 340, 132, 325, 151, 339, 152, 380, 158, 384, 156, 418, 155, 419, 154, 323, 248, 329, 249, 352, 304, 358, 305, 345, 366, 343, 367],squat_left
47,2021-03-04 08:02:21.677828,[356, 124, 355, 117, 350, 117, 0, 0, 333, 124, 328, 142, 336, 143, 393, 147, 383, 146, 420, 145, 419, 145, 326, 241, 331, 243, 347, 301, 351, 301, 340, 366, 339, 367],squat_left
48,2021-03-04 08:02:21.818882,[356, 120, 0, 0, 349, 115, 0, 0, 332, 122, 333, 138, 331, 141, 380, 147, 380, 146, 415, 141, 416, 142, 330, 237, 334, 239, 346, 302, 346, 303, 340, 367, 334, 369],squat_left
49,2021-03-04 08:02:21.986424,[354, 120, 0, 0, 349, 115, 0, 0, 330, 122, 334, 139, 331, 142, 383, 146, 380, 144, 414, 139, 416, 140, 333, 236, 333, 238, 344, 302, 345, 303, 338, 368, 335, 369],squat_left
50,2021-03-04 08:02:22.148037,[356, 120, 0, 0, 351, 115, 0, 0, 332, 122, 340, 141, 332, 143, 384, 146, 381, 145, 416, 140, 417, 140, 330, 240, 334, 241, 347, 303, 347, 303, 339, 367, 335, 369],squat_left
51,2021-03-04 08:02:22.288756,[357, 123, 0, 0, 350, 117, 0, 0, 333, 123, 329, 140, 337, 142, 392, 146, 384, 146, 419, 143, 419, 143, 329, 242, 333, 243, 348, 303, 350, 304, 341, 366, 338, 367],squat_left
52,2021-03-04 08:02:22.449416,[357, 128, 357, 124, 351, 124, 0, 0, 336, 128, 329, 145, 337, 147, 383, 152, 384, 150, 420, 147, 421, 148, 324, 245, 329, 246, 350, 303, 353, 303, 343, 368, 343, 369],squat_left
53,2021-03-04 08:02:22.611154,[360, 135, 0, 0, 354, 130, 0, 0, 338, 134, 331, 152, 336, 154, 395, 159, 397, 157, 427, 154, 431, 154, 325, 249, 329, 251, 351, 304, 358, 304, 345, 367, 344, 368],squat_left
54,2021-03-04 08:02:22.754460,[360, 142, 359, 135, 354, 135, 0, 0, 338, 140, 332, 158, 338, 160, 395, 164, 384, 163, 421, 159, 422, 159, 318, 255, 328, 257, 354, 306, 364, 308, 347, 368, 346, 369],squat_left
55,2021-03-04 08:02:22.934719,[361, 147, 0, 0, 356, 143, 0, 0, 342, 147, 328, 167, 341, 167, 396, 171, 391, 171, 435, 167, 438, 167, 318, 259, 326, 261, 362, 308, 368, 308, 346, 368, 348, 369],squat_left
56,2021-03-04 08:02:23.080547,[363, 154, 363, 149, 358, 149, 0, 0, 341, 155, 336, 173, 341, 176, 395, 179, 390, 178, 432, 175, 433, 175, 322, 264, 325, 266, 367, 308, 370, 310, 347, 369, 351, 370],squat_left
57,2021-03-04 08:02:23.220500,[365, 162, 365, 157, 360, 157, 0, 0, 344, 162, 331, 179, 346, 181, 411, 185, 401, 183, 438, 183, 441, 184, 324, 268, 323, 270, 372, 310, 370, 311, 347, 369, 353, 370],squat_left
58,2021-03-04 08:02:23.382974,[367, 164, 0, 0, 363, 160, 0, 0, 345, 165, 336, 182, 346, 185, 410, 191, 396, 191, 438, 188, 439, 188, 331, 274, 323, 274, 374, 311, 371, 312, 347, 369, 352, 370],squat_left
59,2021-03-04 08:02:23.544165,[370, 167, 0, 0, 365, 163, 0, 0, 347, 169, 338, 187, 347, 189, 412, 193, 396, 192, 443, 192, 0, 0, 332, 276, 323, 276, 373, 312, 371, 313, 347, 370, 352, 370],squat_left
60,2021-03-04 08:02:23.714508,[372, 173, 0, 0, 366, 166, 0, 0, 348, 170, 337, 190, 350, 192, 399, 197, 398, 195, 439, 196, 439, 196, 319, 277, 323, 278, 372, 312, 373, 314, 347, 369, 353, 370],squat_left
61,2021-03-04 08:02:23.884395,[373, 178, 0, 0, 368, 173, 0, 0, 350, 177, 339, 193, 352, 193, 401, 202, 403, 199, 441, 199, 443, 200, 335, 281, 322, 281, 373, 314, 374, 314, 347, 368, 352, 369],squat_left
62,2021-03-04 08:02:24.043447,[374, 179, 0, 0, 370, 174, 0, 0, 354, 178, 335, 195, 355, 195, 411, 204, 405, 204, 443, 202, 446, 202, 317, 281, 323, 282, 374, 314, 374, 315, 349, 369, 351, 370],squat_left
63,2021-03-04 08:02:24.184969,[375, 181, 0, 0, 371, 176, 0, 0, 355, 178, 334, 196, 354, 196, 408, 206, 398, 205, 442, 203, 443, 203, 331, 282, 322, 282, 376, 315, 375, 316, 348, 368, 351, 370],squat_left
64,2021-03-04 08:02:24.351872,[375, 181, 0, 0, 371, 176, 0, 0, 356, 179, 333, 196, 355, 197, 408, 205, 398, 205, 442, 203, 443, 204, 319, 282, 324, 284, 376, 315, 375, 316, 348, 368, 352, 370],squat_left
65,2021-03-04 08:02:24.512989,[375, 182, 0, 0, 371, 177, 0, 0, 357, 179, 334, 197, 353, 198, 409, 206, 402, 205, 446, 204, 448, 204, 322, 284, 322, 286, 376, 316, 375, 317, 348, 368, 351, 370],squat_left
66,2021-03-04 08:02:24.705184,[375, 183, 0, 0, 370, 178, 0, 0, 354, 181, 339, 197, 350, 200, 409, 206, 399, 206, 443, 206, 444, 207, 327, 284, 321, 285, 375, 316, 376, 317, 349, 368, 351, 370],squat_left
67,2021-03-04 08:02:24.851043,[375, 184, 0, 0, 370, 179, 0, 0, 353, 183, 339, 199, 351, 202, 410, 208, 403, 208, 443, 208, 442, 208, 321, 287, 320, 289, 374, 317, 376, 318, 347, 369, 353, 370],squat_left
68,2021-03-04 08:02:25.010863,[375, 185, 0, 0, 369, 180, 0, 0, 354, 183, 337, 201, 353, 204, 408, 210, 398, 209, 440, 212, 439, 212, 314, 288, 319, 290, 374, 316, 375, 317, 346, 368, 353, 370],squat_left
69,2021-03-04 08:02:25.152595,[375, 185, 0, 0, 369, 180, 0, 0, 353, 183, 336, 199, 352, 203, 408, 210, 397, 209, 440, 212, 0, 0, 314, 288, 320, 290, 374, 316, 376, 317, 346, 369, 353, 370],squat_left
70,2021-03-04 08:02:25.316368,[374, 180, 0, 0, 369, 176, 0, 0, 352, 179, 336, 196, 350, 198, 409, 207, 400, 206, 441, 205, 443, 206, 326, 282, 322, 284, 375, 314, 375, 315, 349, 369, 352, 370],squat_left
71,2021-03-04 08:02:25.488951,[371, 171, 0, 0, 366, 165, 0, 0, 349, 171, 335, 189, 350, 191, 415, 200, 409, 198, 447, 199, 449, 199, 325, 275, 324, 276, 373, 312, 373, 313, 349, 369, 353, 370],squat_left
72,2021-03-04 08:02:25.677656,[369, 163, 0, 0, 365, 159, 0, 0, 348, 162, 335, 182, 348, 182, 410, 191, 396, 190, 443, 189, 444, 189, 323, 269, 325, 271, 372, 310, 371, 311, 347, 368, 352, 369],squat_left
73,2021-03-04 08:02:25.849642,[366, 153, 366, 148, 361, 147, 0, 0, 343, 154, 333, 173, 346, 175, 409, 181, 395, 179, 434, 180, 434, 180, 324, 262, 327, 263, 365, 309, 370, 310, 346, 367, 350, 368],squat_left
74,2021-03-04 08:02:26.012702,[365, 147, 364, 142, 360, 142, 0, 0, 344, 146, 333, 165, 346, 166, 393, 172, 390, 173, 427, 172, 429, 173, 324, 257, 327, 259, 362, 308, 369, 309, 347, 367, 347, 368],squat_left
75,2021-03-04 08:02:26.153749,[363, 144, 364, 139, 359, 138, 0, 0, 343, 143, 339, 159, 341, 162, 380, 170, 388, 168, 425, 166, 424, 166, 329, 254, 328, 257, 361, 308, 367, 308, 347, 367, 346, 368],squat_left
76,2021-03-04 08:02:26.316053,[362, 136, 361, 130, 357, 130, 0, 0, 341, 134, 332, 154, 337, 155, 391, 160, 385, 162, 420, 159, 420, 159, 329, 248, 331, 250, 355, 305, 363, 305, 346, 365, 344, 366],squat_left
77,2021-03-04 08:02:26.491467,[358, 131, 358, 126, 353, 125, 0, 0, 337, 128, 329, 147, 336, 147, 393, 151, 390, 151, 419, 150, 421, 150, 333, 244, 331, 245, 354, 303, 354, 304, 343, 365, 342, 366],squat_left
78,2021-03-04 08:02:26.649212,[356, 125, 355, 119, 350, 119, 0, 0, 333, 125, 335, 141, 333, 144, 381, 149, 383, 145, 419, 144, 419, 145, 321, 243, 333, 244, 350, 303, 351, 303, 341, 363, 339, 364],squat_left
79,2021-03-04 08:02:26.816050,[353, 121, 0, 0, 349, 116, 0, 0, 331, 121, 331, 139, 329, 142, 391, 145, 382, 145, 417, 139, 418, 139, 335, 237, 335, 239, 348, 300, 347, 301, 339, 366, 335, 368],squat_left
80,2021-03-04 08:02:26.979972,[354, 121, 0, 0, 350, 116, 0, 0, 332, 121, 331, 140, 329, 142, 389, 144, 380, 145, 416, 138, 417, 138, 334, 238, 336, 240, 347, 301, 347, 302, 340, 366, 335, 368],squat_left
81,2021-03-04 08:02:27.114137,[355, 125, 0, 0, 350, 118, 0, 0, 333, 124, 327, 142, 334, 143, 391, 147, 384, 144, 420, 143, 420, 143, 328, 243, 333, 244, 349, 303, 351, 303, 341, 366, 339, 367],squat_left
82,2021-03-04 08:02:27.292867,[356, 131, 0, 0, 353, 128, 0, 0, 335, 131, 327, 148, 336, 150, 389, 152, 392, 149, 421, 149, 423, 149, 323, 247, 330, 248, 350, 304, 354, 304, 343, 368, 343, 368],squat_left
83,2021-03-04 08:02:27.441305,[359, 143, 360, 136, 354, 135, 0, 0, 338, 139, 335, 157, 337, 159, 395, 162, 383, 162, 420, 158, 422, 158, 319, 256, 328, 258, 354, 306, 364, 307, 346, 367, 344, 367],squat_left
84,2021-03-04 08:02:27.580222,[362, 149, 0, 0, 358, 144, 0, 0, 344, 146, 329, 167, 341, 167, 395, 171, 389, 172, 426, 167, 429, 168, 317, 258, 326, 260, 358, 308, 367, 308, 346, 368, 348, 369],squat_left
85,2021-03-04 08:02:27.744978,[362, 161, 364, 155, 359, 154, 0, 0, 343, 158, 338, 174, 341, 178, 387, 184, 390, 182, 431, 179, 432, 180, 327, 266, 324, 267, 368, 309, 370, 310, 347, 369, 352, 370],squat_left
86,2021-03-04 08:02:27.905350,[366, 167, 365, 163, 362, 162, 0, 0, 345, 166, 337, 184, 344, 186, 412, 191, 396, 190, 441, 187, 443, 186, 329, 273, 324, 274, 372, 311, 371, 312, 347, 369, 353, 370],squat_left
87,2021-03-04 08:02:28.084925,[368, 176, 368, 171, 363, 170, 0, 0, 346, 174, 335, 191, 349, 193, 406, 198, 396, 198, 438, 198, 439, 199, 319, 279, 323, 280, 370, 313, 373, 314, 348, 369, 354, 370],squat_left
88,2021-03-04 08:02:28.245185,[371, 182, 0, 0, 368, 177, 0, 0, 351, 179, 333, 198, 349, 199, 404, 205, 395, 206, 439, 204, 440, 204, 315, 284, 318, 287, 373, 314, 374, 315, 349, 369, 352, 370],squat_left
89,2021-03-04 08:02:28.375450,[372, 184, 0, 0, 367, 179, 0, 0, 349, 182, 334, 197, 349, 201, 410, 208, 400, 207, 441, 207, 441, 208, 324, 286, 317, 288, 371, 315, 375, 315, 347, 369, 354, 370],squat_left
90,2021-03-04 08:02:28.513074,[371, 185, 0, 0, 366, 180, 0, 0, 349, 183, 334, 199, 351, 203, 419, 212, 412, 209, 443, 208, 0, 0, 310, 288, 318, 290, 373, 314, 376, 315, 347, 368, 352, 369],squat_left
91,2021-03-04 08:02:28.647931,[371, 184, 0, 0, 367, 179, 0, 0, 350, 182, 334, 198, 349, 201, 414, 209, 399, 208, 444, 208, 0, 0, 316, 286, 318, 289, 373, 314, 375, 316, 347, 369, 353, 370],squat_left
92,2021-03-04 08:02:28.776157,[370, 181, 0, 0, 367, 177, 0, 0, 349, 178, 330, 196, 350, 198, 410, 207, 397, 207, 444, 203, 446, 203, 314, 283, 321, 286, 369, 313, 374, 314, 348, 369, 353, 370],squat_left
93,2021-03-04 08:02:28.933266,[367, 176, 0, 0, 363, 171, 0, 0, 346, 174, 332, 191, 350, 193, 407, 201, 394, 201, 439, 200, 441, 201, 316, 278, 322, 279, 370, 312, 372, 313, 347, 368, 354, 370],squat_left
94,2021-03-04 08:02:29.080551,[365, 167, 0, 0, 362, 162, 0, 0, 345, 166, 332, 182, 345, 185, 407, 192, 388, 191, 437, 191, 0, 0, 328, 271, 322, 271, 369, 310, 369, 311, 348, 369, 352, 370],squat_left
95,2021-03-04 08:02:29.238326,[363, 160, 364, 155, 359, 154, 0, 0, 343, 157, 337, 174, 342, 176, 387, 184, 390, 182, 429, 182, 431, 183, 330, 263, 322, 263, 364, 307, 367, 308, 348, 367, 348, 368],squat_left
96,2021-03-04 08:02:29.377226,[362, 149, 0, 0, 358, 144, 0, 0, 343, 147, 329, 166, 342, 167, 391, 173, 387, 174, 424, 171, 427, 172, 315, 257, 323, 259, 358, 307, 365, 308, 346, 366, 347, 367],squat_left
97,2021-03-04 08:02:29.514184,[361, 145, 361, 139, 356, 138, 0, 0, 340, 143, 334, 159, 339, 161, 389, 165, 385, 167, 422, 164, 423, 165, 320, 252, 324, 255, 353, 305, 363, 307, 347, 366, 346, 367],squat_left
98,2021-03-04 08:02:29.642755,[361, 139, 0, 0, 356, 133, 0, 0, 339, 137, 338, 155, 337, 157, 393, 160, 385, 161, 420, 158, 421, 158, 323, 246, 325, 249, 352, 302, 359, 303, 345, 363, 345, 364],squat_left
99,2021-03-04 08:02:29.804346,[361, 131, 0, 0, 356, 127, 0, 0, 341, 131, 330, 147, 339, 149, 379, 156, 383, 155, 419, 152, 420, 152, 318, 244, 328, 246, 349, 302, 354, 302, 343, 363, 343, 364],squat_left
100,2021-03-04 08:02:29.976879,[358, 122, 357, 116, 352, 116, 0, 0, 336, 122, 334, 139, 335, 141, 391, 145, 387, 146, 420, 142, 421, 142, 329, 237, 333, 238, 350, 299, 349, 300, 342, 364, 341, 365],squat_left
101,2021-03-04 08:02:30.108095,[356, 122, 356, 116, 352, 116, 0, 0, 337, 121, 328, 136, 335, 139, 384, 145, 387, 144, 417, 136, 419, 137, 331, 236, 334, 237, 347, 299, 351, 299, 341, 366, 341, 367],squat_left
102,2021-03-04 08:02:30.244989,[359, 127, 0, 0, 353, 119, 0, 0, 338, 124, 328, 142, 338, 143, 391, 144, 386, 146, 418, 137, 419, 137, 323, 242, 334, 243, 348, 301, 355, 301, 345, 365, 344, 366],squat_left
103,2021-03-04 08:02:30.381422,[360, 133, 0, 0, 356, 128, 0, 0, 340, 131, 321, 150, 341, 149, 384, 148, 382, 150, 429, 140, 429, 140, 323, 246, 330, 247, 361, 303, 363, 304, 347, 366, 347, 367],squat_left
104,2021-03-04 08:02:30.539526,[361, 143, 362, 137, 357, 136, 0, 0, 344, 138, 344, 159, 337, 160, 390, 159, 389, 158, 425, 150, 425, 150, 319, 252, 329, 254, 363, 305, 368, 307, 347, 366, 348, 366],squat_left
105,2021-03-04 08:02:30.704255,[364, 149, 0, 0, 360, 144, 0, 0, 344, 148, 336, 165, 346, 165, 392, 163, 390, 165, 431, 157, 0, 0, 322, 258, 326, 260, 370, 304, 369, 306, 348, 365, 351, 365],squat_left
106,2021-03-04 08:02:30.876994,[366, 163, 0, 0, 362, 159, 0, 0, 347, 161, 336, 176, 349, 177, 407, 174, 395, 179, 452, 166, 0, 0, 330, 267, 324, 267, 374, 307, 372, 309, 349, 365, 354, 366],squat_left
107,2021-03-04 08:02:31.008796,[370, 168, 0, 0, 367, 163, 0, 0, 349, 166, 338, 181, 346, 184, 410, 189, 395, 188, 441, 184, 444, 184, 331, 275, 323, 275, 375, 310, 372, 311, 349, 365, 354, 367],squat_left
108,2021-03-04 08:02:31.145370,[371, 173, 0, 0, 366, 168, 0, 0, 349, 172, 341, 187, 349, 190, 403, 193, 398, 191, 444, 190, 0, 0, 336, 276, 320, 276, 377, 309, 372, 310, 351, 365, 353, 366],squat_left
109,2021-03-04 08:02:31.281371,[373, 178, 0, 0, 368, 172, 0, 0, 351, 175, 341, 192, 352, 193, 394, 199, 395, 197, 436, 197, 436, 197, 328, 275, 321, 278, 375, 310, 372, 311, 349, 364, 354, 366],squat_left
110,2021-03-04 08:02:31.437984,[373, 180, 0, 0, 368, 175, 0, 0, 352, 178, 340, 193, 353, 194, 409, 202, 401, 201, 440, 201, 442, 202, 326, 279, 319, 279, 373, 310, 372, 311, 349, 365, 355, 367],squat_left
111,2021-03-04 08:02:31.602465,[373, 181, 0, 0, 369, 177, 0, 0, 352, 179, 336, 195, 353, 196, 415, 204, 410, 205, 448, 200, 452, 200, 307, 281, 320, 281, 372, 309, 373, 311, 349, 364, 355, 366],squat_left
112,2021-03-04 08:02:31.776786,[371, 180, 0, 0, 367, 175, 0, 0, 350, 178, 338, 193, 352, 195, 414, 202, 406, 202, 446, 200, 448, 201, 316, 279, 319, 279, 373, 310, 373, 311, 350, 364, 355, 366],squat_left
113,2021-03-04 08:02:31.908453,[369, 179, 0, 0, 365, 174, 0, 0, 348, 176, 338, 192, 351, 192, 400, 201, 401, 198, 439, 199, 440, 199, 328, 277, 321, 278, 371, 309, 373, 311, 350, 364, 355, 366],squat_left
114,2021-03-04 08:02:32.044830,[366, 169, 367, 165, 362, 165, 0, 0, 346, 172, 338, 189, 349, 190, 412, 194, 397, 193, 439, 193, 0, 0, 326, 275, 320, 276, 375, 309, 371, 311, 351, 365, 353, 366],squat_left
115,2021-03-04 08:02:32.182535,[367, 164, 0, 0, 363, 160, 0, 0, 346, 163, 336, 182, 347, 183, 409, 190, 394, 189, 441, 185, 444, 185, 325, 270, 321, 272, 374, 306, 370, 308, 351, 365, 353, 366],squat_left
116,2021-03-04 08:02:32.338356,[365, 151, 365, 146, 360, 146, 0, 0, 344, 153, 333, 171, 348, 171, 413, 176, 397, 174, 437, 171, 439, 171, 325, 259, 325, 260, 368, 305, 369, 306, 350, 364, 352, 365],squat_left
117,2021-03-04 08:02:32.501935,[362, 143, 363, 138, 358, 137, 0, 0, 342, 143, 340, 159, 344, 161, 387, 166, 390, 164, 433, 160, 433, 160, 320, 251, 325, 254, 362, 304, 365, 306, 350, 366, 348, 367],squat_left
118,2021-03-04 08:02:32.656679,[362, 130, 362, 124, 357, 124, 0, 0, 343, 130, 333, 146, 344, 148, 385, 153, 392, 151, 424, 149, 426, 149, 317, 244, 329, 245, 345, 302, 355, 302, 345, 365, 346, 366],squat_left
119,2021-03-04 08:02:32.804530,[360, 120, 359, 115, 354, 115, 0, 0, 339, 121, 345, 141, 336, 141, 387, 149, 388, 147, 424, 141, 425, 141, 330, 234, 328, 235, 345, 300, 349, 300, 342, 368, 344, 369],squat_left
120,2021-03-04 08:02:32.975538,[359, 119, 0, 0, 353, 114, 0, 0, 337, 121, 339, 136, 336, 139, 390, 144, 388, 143, 417, 136, 418, 136, 330, 234, 331, 235, 344, 299, 346, 299, 343, 367, 342, 368],squat_left
121,2021-03-04 08:02:33.114055,[358, 120, 356, 114, 352, 115, 0, 0, 336, 121, 339, 136, 336, 138, 389, 144, 387, 142, 418, 136, 419, 135, 330, 234, 331, 235, 344, 299, 348, 300, 342, 368, 342, 369],squat_left
122,2021-03-04 08:02:33.271089,[358, 120, 357, 115, 353, 116, 0, 0, 338, 121, 337, 138, 336, 140, 389, 147, 388, 145, 420, 139, 421, 139, 324, 235, 330, 237, 347, 299, 350, 299, 343, 367, 342, 368],squat_left
123,2021-03-04 08:02:33.437581,[359, 128, 359, 125, 353, 124, 0, 0, 338, 128, 336, 143, 339, 145, 383, 151, 386, 149, 424, 143, 424, 144, 320, 242, 328, 244, 348, 300, 357, 300, 346, 366, 345, 367],squat_left
124,2021-03-04 08:02:33.609559,[361, 141, 360, 134, 356, 134, 0, 0, 339, 140, 339, 158, 340, 160, 389, 162, 389, 161, 423, 154, 425, 155, 331, 250, 328, 253, 366, 303, 367, 305, 349, 365, 347, 366],squat_left
125,2021-03-04 08:02:33.744591,[363, 147, 363, 142, 358, 142, 0, 0, 343, 148, 337, 167, 346, 167, 385, 169, 388, 168, 428, 164, 429, 164, 319, 258, 327, 260, 357, 311, 369, 306, 348, 364, 352, 365],squat_left
126,2021-03-04 08:02:33.879626,[364, 156, 365, 151, 359, 151, 0, 0, 343, 158, 337, 173, 346, 175, 389, 179, 389, 177, 429, 174, 430, 174, 335, 263, 323, 263, 371, 306, 370, 308, 348, 365, 353, 366],squat_left
127,2021-03-04 08:02:34.043009,[367, 164, 0, 0, 363, 160, 0, 0, 346, 163, 337, 182, 349, 182, 396, 190, 396, 188, 435, 186, 438, 186, 328, 273, 323, 273, 373, 308, 371, 310, 349, 366, 352, 367],squat_left
128,2021-03-04 08:02:34.174993,[370, 168, 0, 0, 365, 163, 0, 0, 348, 169, 340, 186, 350, 188, 403, 193, 400, 190, 442, 190, 0, 0, 323, 275, 322, 276, 376, 309, 371, 311, 349, 366, 353, 367],squat_left
129,2021-03-04 08:02:34.337564,[372, 174, 371, 168, 366, 168, 0, 0, 349, 174, 343, 192, 352, 192, 401, 198, 397, 195, 435, 196, 435, 196, 326, 276, 323, 278, 376, 310, 373, 312, 349, 365, 354, 366],squat_left
130,2021-03-04 08:02:34.509377,[374, 179, 0, 0, 370, 175, 0, 0, 354, 178, 338, 194, 356, 196, 411, 204, 406, 204, 443, 202, 445, 203, 316, 282, 323, 282, 378, 312, 374, 314, 350, 364, 353, 366],squat_left
131,2021-03-04 08:02:34.641380,[375, 181, 0, 0, 371, 177, 0, 0, 357, 178, 335, 197, 357, 198, 411, 206, 404, 205, 445, 202, 448, 203, 320, 282, 322, 284, 379, 311, 374, 313, 352, 364, 353, 366],squat_left
132,2021-03-04 08:02:34.779178,[375, 182, 0, 0, 371, 177, 0, 0, 358, 178, 336, 197, 357, 198, 410, 206, 403, 205, 443, 204, 444, 204, 331, 281, 321, 283, 378, 312, 373, 314, 350, 364, 353, 366],squat_left
133,2021-03-04 08:02:34.942331,[375, 180, 0, 0, 370, 176, 0, 0, 355, 179, 336, 196, 356, 197, 411, 205, 405, 204, 447, 202, 449, 203, 314, 283, 323, 284, 378, 312, 375, 313, 350, 364, 353, 366],squat_left
134,2021-03-04 08:02:35.076696,[372, 178, 372, 172, 367, 172, 0, 0, 350, 176, 343, 192, 352, 192, 402, 202, 400, 198, 444, 200, 447, 201, 334, 279, 322, 279, 379, 311, 373, 312, 350, 365, 353, 367],squat_left
135,2021-03-04 08:02:35.234867,[372, 169, 0, 0, 366, 163, 0, 0, 349, 169, 340, 187, 351, 189, 410, 193, 397, 191, 439, 193, 0, 0, 316, 276, 324, 277, 378, 309, 373, 311, 349, 365, 354, 366],squat_left
136,2021-03-04 08:02:35.409394,[370, 161, 369, 157, 365, 156, 0, 0, 347, 159, 339, 176, 350, 176, 399, 185, 398, 181, 436, 182, 438, 183, 335, 265, 323, 265, 375, 306, 371, 308, 349, 365, 353, 366],squat_left
137,2021-03-04 08:02:35.542775,[367, 149, 366, 145, 363, 145, 0, 0, 345, 150, 337, 168, 346, 169, 410, 176, 392, 176, 436, 172, 438, 172, 330, 260, 325, 260, 371, 304, 369, 306, 351, 363, 350, 364],squat_left
138,2021-03-04 08:02:35.678758,[364, 144, 364, 138, 359, 138, 0, 0, 344, 144, 335, 160, 346, 161, 398, 166, 391, 166, 433, 162, 435, 162, 324, 252, 326, 254, 363, 304, 367, 306, 349, 365, 349, 366],squat_left
139,2021-03-04 08:02:35.843355,[364, 132, 0, 0, 359, 128, 0, 0, 344, 131, 334, 150, 345, 151, 389, 157, 393, 156, 429, 152, 431, 152, 319, 245, 329, 246, 347, 302, 358, 302, 346, 366, 347, 367],squat_left
140,2021-03-04 08:02:35.974787,[361, 128, 362, 122, 357, 121, 0, 0, 341, 126, 341, 142, 340, 145, 391, 148, 392, 146, 433, 141, 433, 140, 320, 239, 328, 241, 346, 299, 353, 299, 342, 366, 344, 367],squat_left
141,2021-03-04 08:02:36.132803,[358, 123, 358, 118, 352, 118, 0, 0, 338, 122, 343, 141, 335, 143, 395, 145, 390, 144, 425, 138, 428, 138, 322, 237, 329, 239, 344, 301, 351, 301, 342, 369, 342, 369],squat_left
142,2021-03-04 08:02:36.295060,[358, 129, 358, 123, 353, 123, 0, 0, 339, 124, 335, 142, 338, 144, 388, 147, 386, 147, 424, 139, 426, 139, 316, 242, 329, 243, 346, 302, 354, 302, 343, 368, 343, 369],squat_left
143,2021-03-04 08:02:36.441604,[363, 133, 0, 0, 358, 128, 0, 0, 344, 133, 330, 152, 344, 152, 382, 153, 387, 151, 425, 144, 425, 145, 319, 247, 327, 249, 351, 304, 358, 304, 346, 368, 345, 369],squat_left
144,2021-03-04 08:02:36.582413,[362, 142, 364, 137, 359, 137, 0, 0, 342, 142, 342, 157, 342, 160, 390, 164, 390, 162, 427, 155, 429, 156, 312, 254, 328, 256, 351, 306, 365, 307, 348, 367, 349, 368],squat_left
145,2021-03-04 08:02:36.746888,[366, 152, 366, 147, 362, 147, 0, 0, 345, 153, 341, 169, 345, 171, 399, 175, 393, 173, 434, 168, 437, 169, 333, 263, 324, 262, 370, 305, 368, 308, 349, 367, 350, 368],squat_left
146,2021-03-04 08:02:36.908207,[369, 165, 0, 0, 365, 161, 0, 0, 349, 163, 333, 181, 349, 181, 409, 187, 394, 187, 436, 182, 439, 183, 313, 272, 322, 273, 372, 308, 370, 310, 350, 368, 351, 369],squat_left
147,2021-03-04 08:02:37.082571,[372, 173, 0, 0, 366, 166, 0, 0, 349, 171, 338, 189, 353, 190, 398, 194, 398, 192, 440, 190, 440, 191, 330, 276, 320, 276, 372, 309, 371, 311, 348, 368, 352, 369],squat_left
148,2021-03-04 08:02:37.247343,[372, 181, 0, 0, 368, 176, 0, 0, 351, 178, 336, 194, 353, 195, 408, 201, 402, 200, 438, 198, 439, 199, 312, 280, 318, 281, 372, 311, 373, 312, 348, 367, 353, 368],squat_left
149,2021-03-04 08:02:37.409297,[372, 183, 0, 0, 368, 178, 0, 0, 350, 182, 339, 197, 350, 200, 405, 206, 403, 204, 451, 201, 453, 201, 336, 288, 320, 287, 375, 312, 374, 313, 349, 366, 353, 367],squat_left
150,2021-03-04 08:02:37.552622,[373, 185, 0, 0, 367, 180, 0, 0, 350, 185, 338, 201, 354, 204, 416, 207, 409, 207, 446, 203, 448, 203, 307, 289, 316, 290, 376, 310, 374, 312, 350, 366, 353, 367],squat_left
151,2021-03-04 08:02:37.715003,[373, 192, 373, 185, 367, 185, 0, 0, 351, 188, 340, 206, 355, 208, 413, 213, 406, 210, 446, 208, 0, 0, 301, 294, 317, 294, 375, 311, 374, 313, 349, 366, 353, 367],squat_left
152,2021-03-04 08:02:37.885827,[373, 195, 0, 0, 369, 189, 0, 0, 352, 193, 339, 209, 356, 210, 413, 217, 408, 216, 446, 214, 448, 214, 301, 295, 318, 296, 376, 311, 375, 313, 348, 367, 353, 367],squat_left
153,2021-03-04 08:02:38.048010,[374, 196, 0, 0, 370, 192, 0, 0, 357, 193, 338, 210, 358, 213, 411, 219, 406, 220, 450, 217, 452, 217, 300, 297, 315, 298, 375, 311, 375, 312, 349, 366, 353, 367],squat_left
154,2021-03-04 08:02:38.215020,[375, 197, 0, 0, 370, 193, 0, 0, 357, 195, 337, 213, 358, 215, 406, 221, 402, 222, 441, 220, 444, 221, 303, 298, 314, 299, 376, 310, 376, 312, 349, 366, 353, 367],squat_left
155,2021-03-04 08:02:38.378118,[376, 199, 0, 0, 371, 194, 0, 0, 358, 195, 337, 213, 358, 215, 409, 222, 404, 223, 444, 221, 448, 221, 304, 299, 313, 300, 375, 310, 376, 311, 349, 366, 353, 367],squat_left
156,2021-03-04 08:02:38.520577,[375, 197, 0, 0, 370, 193, 0, 0, 357, 195, 337, 212, 357, 214, 407, 222, 403, 222, 442, 221, 444, 221, 303, 298, 314, 298, 375, 310, 375, 312, 348, 365, 352, 367],squat_left
157,2021-03-04 08:02:38.687671,[374, 197, 0, 0, 370, 192, 0, 0, 356, 193, 337, 210, 358, 212, 413, 220, 410, 221, 450, 218, 454, 218, 301, 297, 314, 298, 375, 310, 375, 312, 348, 366, 353, 367],squat_left
158,2021-03-04 08:02:38.845641,[373, 192, 0, 0, 367, 184, 0, 0, 351, 188, 339, 206, 355, 207, 397, 215, 400, 213, 441, 215, 442, 215, 324, 289, 316, 292, 375, 311, 373, 313, 352, 366, 353, 367],squat_left
159,2021-03-04 08:02:38.985586,[372, 183, 0, 0, 367, 178, 0, 0, 350, 182, 338, 196, 351, 200, 412, 207, 400, 205, 444, 204, 446, 204, 316, 284, 316, 287, 373, 310, 372, 312, 352, 366, 352, 367],squat_left
160,2021-03-04 08:02:39.150259,[370, 173, 370, 167, 364, 167, 0, 0, 347, 173, 336, 190, 352, 191, 392, 198, 394, 195, 436, 196, 435, 197, 327, 275, 318, 276, 369, 309, 370, 310, 349, 367, 352, 368],squat_left
161,2021-03-04 08:02:39.310230,[369, 163, 0, 0, 364, 158, 0, 0, 347, 161, 335, 178, 352, 177, 403, 185, 395, 185, 437, 184, 439, 185, 312, 266, 319, 267, 370, 306, 367, 307, 351, 366, 351, 367],squat_left
162,2021-03-04 08:02:39.482728,[368, 149, 0, 0, 364, 145, 0, 0, 347, 148, 335, 165, 350, 167, 400, 173, 392, 174, 432, 172, 433, 173, 310, 257, 321, 258, 357, 306, 365, 307, 349, 367, 350, 368],squat_left
163,2021-03-04 08:02:39.680440,[368, 135, 0, 0, 364, 130, 0, 0, 346, 134, 334, 152, 349, 153, 405, 161, 393, 160, 431, 158, 431, 158, 314, 246, 324, 248, 350, 305, 356, 306, 346, 367, 345, 368],squat_left
164,2021-03-04 08:02:39.841683,[365, 127, 366, 122, 361, 122, 0, 0, 344, 126, 336, 142, 347, 143, 385, 154, 395, 151, 427, 151, 428, 151, 317, 240, 327, 242, 343, 306, 351, 306, 343, 369, 342, 370],squat_left
165,2021-03-04 08:02:40.012121,[363, 125, 364, 119, 357, 119, 0, 0, 339, 125, 344, 140, 340, 143, 397, 148, 390, 148, 426, 143, 425, 144, 323, 236, 327, 238, 344, 302, 350, 302, 342, 369, 342, 370],squat_left
166,2021-03-04 08:02:40.182144,[361, 125, 360, 119, 355, 118, 0, 0, 340, 121, 336, 140, 339, 143, 385, 150, 390, 148, 427, 141, 429, 141, 322, 239, 329, 241, 347, 299, 353, 299, 342, 368, 345, 368],squat_left
167,2021-03-04 08:02:40.365228,[360, 126, 360, 121, 354, 120, 0, 0, 340, 123, 338, 140, 338, 143, 381, 150, 385, 148, 426, 144, 426, 144, 321, 242, 329, 243, 345, 301, 352, 301, 340, 370, 343, 371],squat_left
168,2021-03-04 08:02:40.547155,[361, 130, 362, 124, 357, 123, 0, 0, 341, 128, 328, 144, 342, 144, 377, 155, 385, 152, 425, 147, 427, 148, 314, 246, 329, 247, 348, 304, 353, 304, 339, 373, 341, 374],squat_left
169,2021-03-04 08:02:40.711923,[364, 136, 0, 0, 358, 131, 0, 0, 342, 136, 334, 154, 342, 155, 393, 159, 389, 161, 427, 157, 428, 157, 316, 251, 324, 254, 351, 305, 358, 306, 342, 373, 345, 374],squat_left
170,2021-03-04 08:02:40.873473,[365, 147, 0, 0, 361, 143, 0, 0, 344, 147, 331, 165, 349, 166, 400, 172, 390, 172, 430, 169, 433, 170, 318, 258, 324, 261, 362, 306, 366, 307, 343, 371, 346, 372],squat_left
171,2021-03-04 08:02:41.045378,[366, 159, 367, 154, 361, 154, 0, 0, 345, 158, 335, 175, 349, 176, 402, 183, 393, 183, 435, 184, 437, 184, 325, 267, 323, 268, 368, 308, 368, 310, 344, 372, 345, 373],squat_left
172,2021-03-04 08:02:41.216888,[372, 167, 0, 0, 367, 162, 0, 0, 349, 166, 338, 182, 349, 184, 391, 194, 394, 192, 437, 193, 436, 193, 332, 275, 322, 274, 373, 310, 369, 312, 344, 373, 346, 374],squat_left
173,2021-03-04 08:02:41.378415,[373, 177, 374, 171, 368, 171, 0, 0, 351, 175, 343, 191, 353, 192, 393, 201, 396, 199, 435, 202, 435, 204, 312, 278, 323, 278, 369, 313, 372, 314, 344, 374, 345, 375],squat_left
174,2021-03-04 08:02:41.543824,[377, 181, 0, 0, 371, 176, 0, 0, 357, 179, 337, 196, 358, 199, 401, 206, 402, 209, 438, 208, 434, 210, 320, 283, 321, 284, 373, 315, 373, 316, 345, 375, 345, 376],squat_left
175,2021-03-04 08:02:41.711790,[378, 186, 0, 0, 372, 180, 0, 0, 356, 183, 342, 201, 356, 203, 390, 214, 401, 212, 438, 215, 435, 216, 328, 288, 322, 290, 377, 317, 374, 319, 344, 375, 346, 376],squat_left
176,2021-03-04 08:02:41.873299,[377, 190, 378, 184, 372, 183, 0, 0, 356, 189, 344, 206, 357, 208, 391, 218, 402, 216, 438, 218, 438, 220, 303, 295, 323, 296, 379, 318, 375, 319, 346, 374, 347, 375],squat_left
177,2021-03-04 08:02:42.019550,[379, 193, 379, 187, 374, 187, 0, 0, 357, 191, 350, 206, 356, 209, 394, 219, 401, 218, 436, 219, 436, 222, 305, 296, 322, 297, 378, 318, 376, 320, 345, 374, 348, 375],squat_left
178,2021-03-04 08:02:42.184933,[378, 191, 379, 186, 374, 185, 0, 0, 358, 190, 348, 205, 356, 208, 394, 218, 401, 216, 437, 219, 436, 221, 305, 295, 323, 295, 379, 319, 376, 320, 346, 374, 347, 375],squat_left
179,2021-03-04 08:02:42.336691,[378, 180, 0, 0, 373, 175, 0, 0, 359, 178, 339, 196, 359, 198, 401, 206, 400, 209, 441, 211, 438, 212, 311, 286, 326, 286, 376, 316, 373, 318, 345, 374, 346, 375],squat_left
180,2021-03-04 08:02:42.477609,[377, 170, 0, 0, 371, 164, 0, 0, 355, 168, 343, 185, 354, 188, 391, 198, 398, 195, 441, 200, 441, 200, 331, 275, 325, 274, 376, 310, 370, 312, 344, 371, 344, 372],squat_left
181,2021-03-04 08:02:42.642172,[374, 155, 373, 148, 368, 149, 0, 0, 351, 153, 339, 171, 354, 174, 410, 181, 401, 178, 441, 182, 441, 182, 316, 260, 327, 261, 368, 306, 368, 308, 344, 370, 344, 371],squat_left
182,2021-03-04 08:02:42.803228,[372, 139, 0, 0, 366, 133, 0, 0, 349, 137, 337, 156, 351, 158, 407, 165, 397, 162, 437, 164, 438, 165, 315, 251, 327, 253, 353, 306, 361, 308, 343, 369, 343, 370],squat_left
183,2021-03-04 08:02:42.971582,[369, 131, 0, 0, 364, 126, 0, 0, 347, 129, 335, 146, 352, 146, 409, 154, 405, 153, 434, 153, 436, 154, 315, 244, 328, 246, 346, 305, 353, 305, 341, 370, 342, 371],squat_left
184,2021-03-04 08:02:43.142069,[365, 121, 366, 117, 360, 116, 0, 0, 342, 124, 338, 138, 346, 140, 398, 147, 388, 149, 441, 142, 443, 141, 323, 238, 328, 239, 342, 303, 351, 302, 338, 371, 340, 372],squat_left
185,2021-03-04 08:02:43.274656,[365, 120, 365, 115, 360, 115, 0, 0, 343, 124, 338, 137, 344, 139, 398, 146, 397, 144, 435, 141, 436, 141, 325, 236, 329, 237, 341, 302, 351, 302, 337, 371, 339, 372],squat_left
186,2021-03-04 08:02:43.413783,[364, 120, 364, 115, 358, 115, 0, 0, 342, 124, 339, 137, 343, 140, 396, 145, 397, 144, 433, 140, 435, 140, 325, 237, 331, 238, 343, 303, 351, 302, 338, 371, 339, 372],squat_left
187,2021-03-04 08:02:43.576421,[365, 121, 365, 116, 359, 116, 0, 0, 342, 124, 341, 137, 344, 141, 400, 147, 387, 149, 438, 143, 437, 143, 324, 239, 329, 241, 344, 303, 352, 302, 338, 371, 339, 372],squat_left
188,2021-03-04 08:02:43.744851,[367, 129, 368, 124, 362, 124, 0, 0, 345, 128, 334, 145, 350, 145, 394, 153, 394, 151, 434, 149, 435, 149, 320, 246, 330, 247, 349, 304, 354, 304, 341, 371, 342, 372],squat_left
189,2021-03-04 08:02:43.913549,[367, 140, 0, 0, 362, 134, 0, 0, 345, 140, 335, 157, 348, 158, 395, 163, 388, 163, 435, 158, 436, 158, 321, 255, 327, 257, 356, 305, 363, 306, 344, 373, 345, 374],squat_left
190,2021-03-04 08:02:44.078802,[369, 152, 0, 0, 365, 147, 0, 0, 347, 152, 334, 169, 349, 169, 404, 175, 394, 177, 436, 173, 436, 173, 321, 262, 326, 263, 367, 307, 369, 309, 344, 372, 345, 373],squat_left
191,2021-03-04 08:02:44.239369,[373, 166, 0, 0, 368, 161, 0, 0, 351, 163, 335, 180, 352, 182, 404, 188, 399, 188, 439, 187, 443, 187, 314, 273, 326, 274, 375, 310, 371, 313, 344, 375, 346, 376],squat_left
192,2021-03-04 08:02:44.410699,[374, 178, 374, 172, 370, 172, 0, 0, 354, 175, 341, 192, 353, 193, 399, 200, 401, 199, 445, 199, 448, 200, 325, 280, 325, 281, 375, 316, 373, 317, 345, 375, 346, 376],squat_left
193,2021-03-04 08:02:44.587997,[377, 183, 0, 0, 371, 177, 0, 0, 356, 181, 339, 197, 354, 200, 408, 206, 404, 208, 449, 208, 450, 208, 310, 290, 322, 290, 376, 319, 376, 320, 345, 375, 348, 375],squat_left
194,2021-03-04 08:02:44.746563,[377, 188, 0, 0, 371, 181, 0, 0, 355, 186, 342, 204, 355, 206, 411, 215, 408, 213, 452, 214, 454, 214, 310, 295, 324, 295, 382, 320, 378, 321, 348, 372, 349, 373],squat_left
195,2021-03-04 08:02:44.909993,[377, 190, 378, 184, 372, 184, 0, 0, 356, 188, 343, 206, 358, 208, 413, 218, 408, 217, 454, 216, 457, 216, 307, 296, 325, 296, 383, 320, 379, 321, 347, 372, 349, 373],squat_left
196,2021-03-04 08:02:45.078607,[378, 189, 378, 183, 373, 182, 0, 0, 357, 186, 341, 206, 359, 208, 427, 219, 414, 216, 453, 217, 457, 217, 308, 295, 324, 295, 383, 320, 380, 321, 347, 373, 349, 374],squat_left
197,2021-03-04 08:02:45.236342,[378, 184, 0, 0, 373, 179, 0, 0, 357, 181, 340, 199, 358, 201, 381, 213, 406, 210, 448, 211, 448, 212, 336, 289, 325, 291, 384, 320, 379, 322, 348, 373, 348, 374],squat_left
198,2021-03-04 08:02:45.385514,[376, 177, 0, 0, 371, 171, 0, 0, 355, 175, 342, 192, 354, 193, 407, 203, 402, 201, 446, 203, 449, 204, 327, 280, 326, 281, 381, 317, 374, 318, 347, 375, 347, 376],squat_left
199,2021-03-04 08:02:45.544483,[374, 163, 0, 0, 370, 158, 0, 0, 354, 160, 337, 178, 354, 178, 381, 185, 398, 184, 444, 187, 445, 187, 326, 265, 327, 265, 374, 309, 371, 311, 346, 373, 345, 374],squat_left
200,2021-03-04 08:02:45.704244,[372, 146, 372, 140, 366, 140, 0, 0, 349, 145, 342, 162, 351, 162, 405, 171, 393, 165, 444, 169, 446, 170, 320, 257, 325, 258, 365, 308, 369, 309, 345, 370, 344, 371],squat_left
201,2021-03-04 08:02:45.843851,[369, 133, 0, 0, 364, 129, 0, 0, 347, 134, 333, 151, 350, 153, 410, 160, 397, 158, 434, 157, 435, 158, 321, 248, 329, 250, 362, 307, 363, 309, 345, 369, 343, 370],squat_left
202,2021-03-04 08:02:46.007171,[362, 124, 366, 119, 359, 119, 0, 0, 342, 125, 339, 140, 344, 142, 392, 149, 394, 147, 433, 144, 0, 0, 322, 239, 329, 240, 348, 304, 353, 304, 340, 370, 340, 370],squat_left
203,2021-03-04 08:02:46.139484,[364, 120, 363, 114, 358, 114, 0, 0, 342, 120, 341, 138, 342, 139, 393, 146, 394, 144, 427, 137, 348, 224, 327, 236, 335, 237, 343, 302, 351, 303, 337, 371, 338, 372],squat_left
204,2021-03-04 08:02:46.301970,[364, 119, 0, 0, 358, 113, 0, 0, 342, 119, 341, 138, 341, 139, 387, 145, 388, 144, 424, 132, 348, 224, 332, 236, 335, 237, 345, 298, 346, 299, 338, 368, 336, 369],squat_left
205,2021-03-04 08:02:46.473781,[363, 118, 363, 113, 358, 113, 0, 0, 342, 119, 343, 137, 340, 139, 397, 145, 395, 143, 429, 136, 349, 220, 331, 235, 333, 236, 343, 300, 348, 300, 338, 369, 337, 370],squat_left
206,2021-03-04 08:02:46.605946,[364, 122, 363, 115, 358, 115, 0, 0, 341, 122, 341, 138, 341, 140, 397, 146, 396, 144, 432, 140, 433, 141, 323, 238, 332, 239, 343, 304, 352, 304, 339, 372, 340, 372],squat_left
207,2021-03-04 08:02:46.746539,[363, 130, 364, 125, 359, 124, 0, 0, 343, 127, 333, 143, 346, 145, 395, 149, 393, 149, 430, 147, 431, 148, 317, 245, 330, 245, 349, 305, 355, 305, 341, 373, 343, 374],squat_left
208,2021-03-04 08:02:46.906890,[363, 142, 365, 138, 360, 137, 0, 0, 343, 142, 341, 158, 343, 160, 388, 164, 392, 162, 433, 161, 0, 0, 322, 256, 326, 258, 361, 305, 366, 307, 343, 374, 344, 375],squat_left
209,2021-03-04 08:02:47.070795,[367, 157, 367, 152, 362, 152, 0, 0, 344, 158, 338, 173, 347, 175, 392, 180, 391, 179, 435, 180, 434, 181, 335, 266, 326, 267, 372, 309, 371, 311, 344, 375, 345, 376],squat_left
210,2021-03-04 08:02:47.239587,[370, 169, 0, 0, 366, 164, 0, 0, 348, 168, 335, 184, 350, 187, 409, 194, 396, 192, 438, 196, 0, 0, 322, 277, 324, 278, 376, 313, 372, 315, 344, 376, 346, 377],squat_left
211,2021-03-04 08:02:47.378470,[373, 179, 0, 0, 368, 174, 0, 0, 351, 177, 336, 192, 354, 193, 407, 203, 400, 202, 443, 204, 444, 205, 329, 282, 322, 284, 375, 316, 373, 317, 345, 376, 346, 377],squat_left
212,2021-03-04 08:02:47.534826,[375, 185, 0, 0, 370, 179, 0, 0, 354, 182, 336, 198, 352, 201, 409, 211, 406, 210, 449, 213, 0, 0, 313, 289, 320, 291, 378, 319, 375, 320, 345, 375, 347, 376],squat_left
213,2021-03-04 08:02:47.674881,[375, 187, 375, 180, 370, 180, 0, 0, 353, 185, 341, 202, 353, 204, 413, 216, 410, 215, 453, 215, 456, 215, 308, 294, 324, 295, 380, 319, 377, 321, 346, 375, 348, 376],squat_left
214,2021-03-04 08:02:47.840288,[375, 188, 0, 0, 370, 181, 0, 0, 354, 185, 340, 204, 355, 206, 410, 217, 407, 215, 451, 216, 455, 217, 310, 294, 324, 294, 381, 320, 377, 322, 348, 374, 347, 375],squat_left
215,2021-03-04 08:02:48.018942,[376, 185, 0, 0, 370, 180, 0, 0, 354, 183, 337, 199, 353, 202, 414, 213, 413, 211, 451, 212, 0, 0, 315, 291, 324, 293, 381, 320, 377, 321, 347, 374, 347, 375],squat_left
216,2021-03-04 08:02:48.174917,[375, 180, 0, 0, 370, 175, 0, 0, 354, 178, 336, 194, 355, 195, 415, 207, 412, 205, 453, 204, 456, 203, 341, 282, 325, 283, 381, 319, 374, 320, 346, 375, 346, 376],squat_left
217,2021-03-04 08:02:48.340105,[373, 171, 0, 0, 367, 165, 0, 0, 350, 169, 338, 186, 350, 188, 396, 198, 400, 194, 443, 198, 443, 198, 330, 276, 324, 277, 378, 313, 372, 314, 345, 375, 346, 376],squat_left
218,2021-03-04 08:02:48.501272,[371, 161, 0, 0, 366, 155, 0, 0, 350, 158, 340, 175, 350, 176, 407, 187, 394, 184, 446, 185, 450, 186, 327, 265, 325, 266, 372, 308, 370, 310, 345, 371, 345, 372],squat_left
219,2021-03-04 08:02:48.641459,[370, 148, 0, 0, 366, 144, 0, 0, 349, 147, 332, 165, 350, 166, 410, 176, 396, 173, 441, 173, 442, 173, 320, 258, 325, 259, 366, 304, 368, 306, 344, 370, 345, 371],squat_left
220,2021-03-04 08:02:48.810125,[367, 135, 0, 0, 363, 131, 0, 0, 345, 135, 331, 152, 347, 153, 406, 161, 392, 160, 433, 161, 433, 160, 327, 247, 325, 249, 352, 303, 358, 304, 343, 369, 342, 369],squat_left
221,2021-03-04 08:02:48.969104,[363, 128, 364, 123, 359, 122, 0, 0, 343, 126, 338, 141, 345, 144, 395, 147, 393, 148, 432, 148, 432, 148, 320, 240, 327, 242, 347, 300, 353, 300, 341, 367, 344, 369],squat_left
222,2021-03-04 08:02:49.108764,[362, 124, 362, 118, 357, 117, 0, 0, 342, 120, 341, 140, 338, 142, 390, 147, 393, 145, 427, 140, 428, 140, 321, 238, 331, 239, 344, 303, 351, 303, 340, 368, 340, 369],squat_left
223,2021-03-04 08:02:49.273373,[360, 120, 0, 0, 355, 115, 0, 0, 340, 119, 337, 136, 336, 138, 386, 141, 385, 140, 422, 131, 351, 219, 329, 237, 336, 237, 346, 302, 350, 303, 341, 369, 340, 369],squat_left
224,2021-03-04 08:02:49.407625,[359, 119, 0, 0, 353, 114, 0, 0, 337, 120, 334, 135, 335, 138, 387, 136, 387, 136, 424, 129, 349, 222, 332, 236, 336, 236, 346, 301, 350, 302, 340, 369, 339, 369],squat_left
225,2021-03-04 08:02:49.543270,[360, 120, 0, 0, 354, 115, 0, 0, 338, 121, 335, 136, 336, 139, 385, 141, 385, 141, 422, 132, 349, 221, 329, 237, 335, 237, 346, 303, 350, 303, 341, 368, 340, 369],squat_left
226,2021-03-04 08:02:49.726871,[359, 124, 359, 118, 354, 118, 0, 0, 340, 121, 335, 139, 339, 141, 392, 146, 396, 143, 430, 137, 432, 137, 323, 239, 331, 240, 348, 303, 353, 303, 343, 369, 342, 371],squat_left
227,2021-03-04 08:02:49.902356,[362, 136, 0, 0, 357, 130, 0, 0, 343, 134, 328, 154, 344, 154, 395, 155, 391, 155, 424, 152, 425, 152, 320, 249, 328, 251, 364, 305, 363, 306, 346, 368, 344, 369],squat_left
228,2021-03-04 08:02:50.042527,[363, 145, 363, 139, 359, 139, 0, 0, 343, 144, 332, 161, 345, 162, 395, 165, 389, 165, 436, 159, 435, 160, 315, 256, 327, 258, 363, 307, 368, 309, 347, 369, 347, 370],squat_left
229,2021-03-04 08:02:50.208096,[365, 157, 365, 152, 360, 151, 0, 0, 344, 156, 333, 174, 348, 174, 414, 176, 395, 176, 437, 173, 0, 0, 323, 264, 325, 266, 372, 308, 371, 309, 347, 370, 349, 370],squat_left
230,2021-03-04 08:02:50.367638,[367, 165, 0, 0, 364, 161, 0, 0, 348, 163, 332, 181, 349, 182, 410, 190, 396, 189, 445, 186, 447, 186, 321, 273, 325, 275, 376, 311, 371, 312, 350, 369, 348, 370],squat_left
231,2021-03-04 08:02:50.510129,[372, 175, 0, 0, 366, 168, 0, 0, 349, 172, 338, 190, 354, 191, 394, 198, 396, 195, 437, 196, 436, 196, 324, 274, 324, 278, 376, 312, 372, 314, 348, 370, 349, 371],squat_left
232,2021-03-04 08:02:50.679136,[375, 180, 0, 0, 370, 176, 0, 0, 356, 178, 337, 194, 357, 196, 408, 204, 404, 205, 441, 203, 442, 203, 314, 281, 323, 281, 375, 314, 374, 316, 349, 370, 348, 371],squat_left
233,2021-03-04 08:02:50.834415,[377, 183, 0, 0, 372, 178, 0, 0, 358, 180, 338, 196, 357, 200, 407, 207, 403, 208, 448, 207, 449, 208, 318, 283, 324, 284, 377, 316, 374, 317, 349, 369, 349, 370],squat_left
234,2021-03-04 08:02:50.974744,[377, 185, 0, 0, 373, 180, 0, 0, 358, 181, 342, 197, 356, 200, 410, 208, 404, 209, 450, 208, 450, 209, 321, 287, 323, 289, 379, 316, 375, 318, 348, 369, 349, 370],squat_left
235,2021-03-04 08:02:51.139748,[377, 186, 0, 0, 372, 180, 0, 0, 358, 182, 343, 198, 355, 201, 409, 208, 404, 209, 449, 209, 449, 209, 324, 286, 322, 288, 380, 316, 375, 318, 348, 369, 349, 370],squat_left
236,2021-03-04 08:02:51.272029,[377, 185, 0, 0, 373, 179, 0, 0, 358, 182, 344, 198, 355, 201, 409, 208, 404, 208, 450, 208, 450, 209, 320, 287, 322, 289, 379, 316, 374, 318, 348, 369, 349, 370],squat_left
237,2021-03-04 08:02:51.438236,[377, 185, 0, 0, 373, 179, 0, 0, 358, 181, 342, 197, 355, 200, 409, 208, 403, 208, 449, 208, 449, 209, 327, 285, 322, 287, 378, 316, 374, 317, 349, 369, 348, 370],squat_left
238,2021-03-04 08:02:51.606926,[377, 183, 0, 0, 372, 178, 0, 0, 358, 180, 339, 197, 357, 200, 406, 206, 399, 207, 447, 207, 450, 207, 312, 285, 325, 285, 377, 315, 374, 317, 348, 369, 349, 370],squat_left
239,2021-03-04 08:02:51.740863,[377, 182, 0, 0, 371, 177, 0, 0, 357, 180, 337, 197, 357, 200, 414, 207, 407, 207, 450, 205, 452, 205, 315, 284, 324, 285, 377, 315, 374, 317, 349, 369, 348, 370],squat_left
240,2021-03-04 08:02:51.905987,[376, 182, 0, 0, 371, 177, 0, 0, 358, 179, 336, 196, 358, 198, 414, 207, 409, 207, 452, 203, 454, 203, 314, 284, 324, 285, 375, 314, 374, 316, 348, 369, 350, 370],squat_left
241,2021-03-04 08:02:52.046179,[375, 181, 0, 0, 371, 177, 0, 0, 358, 179, 335, 196, 357, 197, 414, 207, 410, 206, 458, 202, 460, 201, 321, 282, 323, 282, 375, 314, 373, 315, 349, 369, 349, 370],squat_left
242,2021-03-04 08:02:52.200734,[373, 179, 0, 0, 369, 174, 0, 0, 352, 176, 337, 193, 354, 193, 412, 203, 408, 202, 450, 202, 453, 202, 312, 281, 323, 281, 372, 313, 373, 314, 347, 369, 350, 369],squat_left
243,2021-03-04 08:02:52.368768,[372, 174, 0, 0, 367, 167, 0, 0, 350, 171, 338, 189, 354, 190, 396, 197, 398, 195, 442, 197, 442, 198, 325, 275, 324, 278, 375, 310, 371, 312, 348, 369, 350, 370],squat_left
244,2021-03-04 08:02:52.541001,[371, 164, 0, 0, 367, 159, 0, 0, 350, 162, 337, 177, 351, 179, 406, 186, 398, 185, 437, 187, 438, 187, 318, 265, 323, 266, 372, 306, 369, 308, 349, 369, 348, 370],squat_left
245,2021-03-04 08:02:52.700605,[369, 150, 0, 0, 366, 145, 0, 0, 348, 148, 333, 166, 349, 167, 404, 175, 394, 174, 435, 174, 435, 175, 312, 259, 322, 259, 365, 306, 367, 308, 348, 368, 348, 368],squat_left
246,2021-03-04 08:02:52.841091,[366, 141, 366, 136, 361, 136, 0, 0, 344, 140, 338, 156, 345, 160, 393, 165, 393, 163, 433, 165, 433, 165, 326, 250, 324, 251, 358, 306, 362, 307, 347, 368, 345, 369],squat_left
247,2021-03-04 08:02:53.005980,[363, 131, 363, 127, 358, 126, 0, 0, 343, 130, 332, 146, 345, 148, 393, 153, 392, 154, 424, 153, 426, 154, 313, 245, 325, 247, 350, 305, 354, 304, 344, 368, 344, 369],squat_left
248,2021-03-04 08:02:53.141114,[361, 128, 362, 123, 356, 122, 0, 0, 342, 123, 336, 141, 339, 143, 379, 150, 386, 148, 424, 146, 423, 147, 313, 245, 326, 246, 344, 305, 352, 304, 342, 369, 341, 370],squat_left
249,2021-03-04 08:02:53.306458,[359, 122, 0, 0, 354, 116, 0, 0, 341, 119, 327, 137, 337, 138, 382, 146, 387, 143, 422, 140, 422, 140, 321, 237, 330, 239, 340, 301, 346, 301, 340, 368, 340, 369],squat_left
250,2021-03-04 08:02:53.443881,[357, 120, 0, 0, 352, 115, 0, 0, 334, 121, 330, 134, 333, 138, 389, 143, 387, 140, 417, 137, 419, 137, 328, 236, 331, 237, 338, 300, 340, 300, 340, 367, 339, 368],squat_left
251,2021-03-04 08:02:53.600604,[356, 119, 0, 0, 351, 115, 0, 0, 333, 120, 327, 135, 333, 138, 387, 143, 386, 141, 415, 137, 417, 137, 328, 237, 331, 238, 340, 299, 341, 300, 341, 366, 337, 367],squat_left
252,2021-03-04 08:02:53.741852,[356, 121, 0, 0, 351, 116, 0, 0, 334, 122, 327, 137, 334, 140, 387, 145, 387, 143, 418, 139, 419, 140, 321, 239, 328, 241, 338, 301, 350, 301, 340, 369, 340, 369],squat_left
253,2021-03-04 08:02:53.905839,[357, 131, 358, 126, 351, 125, 0, 0, 335, 126, 326, 143, 335, 144, 381, 149, 383, 146, 420, 146, 421, 146, 318, 244, 327, 246, 347, 302, 353, 302, 343, 368, 342, 369],squat_left
254,2021-03-04 08:02:54.086585,[360, 138, 0, 0, 355, 132, 0, 0, 339, 136, 327, 154, 336, 155, 390, 159, 382, 159, 419, 156, 420, 157, 321, 250, 323, 253, 358, 302, 359, 303, 345, 368, 344, 369],squat_left
255,2021-03-04 08:02:54.242495,[361, 147, 0, 0, 356, 141, 0, 0, 341, 146, 330, 162, 341, 163, 377, 170, 387, 167, 425, 164, 426, 164, 312, 258, 325, 259, 368, 304, 368, 306, 347, 368, 345, 369],squat_left
256,2021-03-04 08:02:54.406670,[363, 157, 365, 151, 360, 150, 0, 0, 343, 155, 340, 172, 342, 175, 390, 177, 392, 175, 438, 171, 440, 171, 323, 262, 322, 263, 369, 306, 369, 307, 347, 369, 350, 369],squat_left
257,2021-03-04 08:02:54.566955,[367, 165, 0, 0, 364, 161, 0, 0, 347, 164, 337, 181, 346, 182, 408, 188, 393, 188, 438, 184, 442, 185, 325, 272, 324, 273, 375, 310, 370, 312, 349, 369, 348, 370],squat_left
258,2021-03-04 08:02:54.707430,[372, 172, 0, 0, 366, 166, 0, 0, 349, 172, 339, 188, 351, 190, 395, 194, 396, 193, 440, 191, 440, 191, 326, 274, 323, 277, 374, 311, 372, 313, 348, 369, 349, 370],squat_left
259,2021-03-04 08:02:54.877398,[376, 179, 0, 0, 371, 175, 0, 0, 357, 178, 338, 195, 357, 196, 409, 202, 404, 202, 442, 200, 444, 201, 316, 281, 322, 282, 375, 314, 373, 315, 350, 369, 349, 370],squat_left
260,2021-03-04 08:02:55.037116,[378, 183, 0, 0, 374, 178, 0, 0, 360, 180, 342, 197, 357, 199, 399, 208, 402, 206, 446, 204, 448, 204, 337, 285, 323, 285, 379, 316, 375, 318, 348, 369, 349, 370],squat_left
261,2021-03-04 08:02:55.175376,[379, 184, 0, 0, 374, 179, 0, 0, 359, 182, 346, 198, 355, 200, 411, 206, 404, 207, 449, 205, 451, 205, 335, 287, 323, 288, 381, 319, 376, 320, 350, 369, 350, 370],squat_left
262,2021-03-04 08:02:55.338966,[379, 185, 379, 179, 375, 179, 0, 0, 358, 182, 347, 198, 356, 201, 410, 206, 405, 207, 449, 206, 450, 206, 335, 285, 323, 287, 381, 319, 377, 320, 349, 369, 352, 370],squat_left
263,2021-03-04 08:02:55.471529,[379, 184, 379, 179, 375, 179, 0, 0, 359, 182, 346, 198, 357, 200, 411, 206, 404, 207, 448, 205, 451, 205, 334, 285, 324, 288, 380, 319, 377, 320, 349, 369, 351, 370],squat_left
264,2021-03-04 08:02:55.611014,[379, 183, 0, 0, 375, 178, 0, 0, 360, 181, 340, 197, 359, 200, 411, 206, 408, 206, 449, 203, 452, 204, 321, 285, 325, 286, 380, 319, 377, 320, 349, 369, 351, 370],squat_left
265,2021-03-04 08:02:55.792305,[378, 182, 0, 0, 374, 177, 0, 0, 359, 181, 341, 196, 359, 199, 407, 205, 404, 207, 449, 203, 450, 204, 334, 284, 323, 285, 380, 318, 376, 320, 349, 370, 349, 371],squat_left
266,2021-03-04 08:02:55.966959,[378, 181, 0, 0, 373, 176, 0, 0, 359, 179, 341, 196, 357, 197, 400, 208, 401, 206, 447, 203, 450, 204, 335, 284, 324, 285, 380, 317, 375, 319, 350, 369, 348, 371],squat_left
267,2021-03-04 08:02:56.107019,[378, 181, 0, 0, 374, 176, 0, 0, 359, 178, 340, 195, 358, 196, 407, 204, 404, 206, 445, 202, 447, 203, 337, 281, 324, 282, 380, 316, 374, 318, 349, 369, 349, 370],squat_left
268,2021-03-04 08:02:56.272133,[377, 179, 0, 0, 372, 175, 0, 0, 358, 178, 339, 193, 357, 195, 413, 204, 409, 205, 453, 201, 455, 201, 333, 280, 324, 281, 381, 315, 373, 316, 351, 368, 348, 370],squat_left
269,2021-03-04 08:02:56.406400,[376, 180, 0, 0, 371, 175, 0, 0, 358, 178, 339, 193, 357, 195, 414, 203, 408, 203, 449, 200, 451, 201, 324, 281, 324, 283, 379, 314, 374, 316, 348, 369, 348, 370],squat_left
270,2021-03-04 08:02:56.541896,[375, 179, 375, 174, 371, 174, 0, 0, 356, 177, 343, 192, 354, 193, 406, 202, 397, 197, 451, 198, 452, 198, 328, 281, 323, 281, 377, 313, 374, 315, 347, 369, 349, 370],squat_left
271,2021-03-04 08:02:56.728095,[374, 176, 375, 170, 369, 169, 0, 0, 352, 173, 345, 190, 353, 191, 399, 198, 399, 196, 440, 197, 439, 198, 330, 278, 324, 277, 376, 312, 373, 313, 348, 369, 349, 370],squat_left
272,2021-03-04 08:02:56.899948,[374, 169, 0, 0, 370, 164, 0, 0, 354, 166, 337, 182, 350, 184, 413, 191, 403, 190, 447, 190, 0, 0, 327, 273, 325, 273, 374, 309, 371, 311, 347, 369, 350, 369],squat_left
273,2021-03-04 08:02:57.042934,[374, 164, 0, 0, 370, 160, 0, 0, 355, 162, 339, 178, 353, 179, 407, 187, 403, 187, 445, 185, 448, 186, 328, 267, 324, 267, 372, 307, 370, 310, 348, 369, 349, 370],squat_left
274,2021-03-04 08:02:57.205351,[374, 155, 0, 0, 368, 149, 0, 0, 350, 154, 343, 169, 350, 173, 410, 177, 400, 176, 440, 177, 439, 178, 325, 260, 324, 261, 370, 306, 368, 308, 350, 368, 348, 369],squat_left
275,2021-03-04 08:02:57.339822,[375, 149, 0, 0, 370, 144, 0, 0, 353, 147, 337, 163, 352, 164, 405, 172, 401, 171, 435, 171, 436, 172, 313, 257, 325, 258, 364, 306, 368, 308, 348, 368, 349, 368],squat_left
276,2021-03-04 08:02:57.475013,[374, 140, 0, 0, 368, 134, 0, 0, 350, 138, 339, 154, 349, 157, 403, 161, 397, 161, 434, 161, 434, 161, 323, 249, 325, 251, 362, 307, 365, 308, 348, 369, 346, 369],squat_left
277,2021-03-04 08:02:57.663947,[371, 131, 372, 127, 366, 126, 0, 0, 349, 127, 342, 144, 350, 144, 397, 154, 399, 150, 430, 151, 433, 151, 316, 244, 329, 245, 348, 305, 355, 304, 344, 368, 342, 369],squat_left
278,2021-03-04 08:02:57.804096,[370, 119, 0, 0, 364, 115, 0, 0, 345, 121, 341, 137, 345, 139, 406, 146, 395, 145, 433, 143, 432, 144, 324, 238, 329, 239, 346, 304, 352, 304, 342, 369, 340, 370],squat_left
279,2021-03-04 08:02:57.941699,[366, 118, 365, 113, 361, 113, 0, 0, 344, 119, 335, 135, 347, 137, 405, 145, 395, 143, 431, 141, 432, 142, 328, 235, 333, 236, 344, 302, 345, 303, 341, 369, 339, 369],squat_left
280,2021-03-04 08:02:58.106748,[364, 120, 364, 113, 359, 113, 0, 0, 343, 119, 335, 134, 346, 137, 393, 144, 395, 142, 430, 138, 432, 139, 332, 234, 335, 235, 343, 300, 343, 301, 341, 366, 338, 367],squat_left
281,2021-03-04 08:02:58.266914,[365, 118, 364, 114, 359, 114, 0, 0, 343, 119, 335, 135, 346, 138, 405, 143, 398, 142, 432, 139, 434, 139, 329, 235, 334, 235, 344, 300, 346, 301, 341, 369, 339, 369],squat_left
282,2021-03-04 08:02:58.414860,[366, 120, 366, 115, 361, 115, 0, 0, 344, 122, 338, 137, 344, 139, 407, 146, 395, 142, 434, 142, 434, 143, 324, 239, 332, 239, 346, 304, 352, 304, 344, 368, 342, 369],squat_left
283,2021-03-04 08:02:58.577470,[366, 133, 0, 0, 363, 127, 0, 0, 345, 131, 334, 148, 348, 149, 391, 155, 393, 153, 430, 152, 432, 152, 322, 246, 330, 248, 360, 303, 362, 305, 346, 370, 344, 370],squat_left
284,2021-03-04 08:02:58.734114,[369, 149, 0, 0, 365, 144, 0, 0, 348, 146, 335, 164, 351, 163, 398, 165, 393, 167, 435, 164, 435, 164, 321, 258, 328, 259, 367, 307, 370, 309, 347, 368, 348, 369],squat_left
285,2021-03-04 08:02:58.874073,[372, 159, 0, 0, 366, 152, 0, 0, 349, 157, 344, 174, 349, 174, 407, 177, 394, 177, 438, 175, 437, 176, 321, 265, 328, 266, 372, 308, 371, 310, 346, 370, 352, 370],squat_left
286,2021-03-04 08:02:59.038363,[376, 167, 0, 0, 371, 162, 0, 0, 357, 165, 339, 181, 354, 182, 412, 189, 404, 189, 442, 185, 445, 186, 319, 273, 327, 274, 377, 312, 374, 314, 348, 370, 352, 370],squat_left
287,2021-03-04 08:02:59.173113,[378, 172, 378, 166, 373, 166, 0, 0, 357, 170, 348, 187, 353, 189, 406, 194, 409, 192, 451, 191, 0, 0, 331, 279, 328, 278, 383, 316, 376, 317, 348, 371, 350, 371],squat_left
288,2021-03-04 08:02:59.359017,[379, 177, 379, 173, 374, 172, 0, 0, 359, 175, 351, 189, 356, 193, 402, 201, 403, 199, 445, 197, 446, 198, 332, 280, 327, 280, 385, 318, 378, 319, 346, 371, 351, 372],squat_left
289,2021-03-04 08:02:59.538292,[380, 180, 0, 0, 376, 176, 0, 0, 361, 179, 341, 194, 362, 197, 414, 204, 412, 203, 454, 201, 457, 202, 338, 282, 325, 282, 385, 319, 378, 320, 349, 370, 349, 371],squat_left
290,2021-03-04 08:02:59.670624,[381, 181, 0, 0, 376, 176, 0, 0, 360, 179, 343, 195, 361, 198, 409, 204, 407, 205, 447, 202, 450, 203, 331, 284, 326, 284, 382, 319, 378, 320, 348, 370, 350, 371],squat_left
291,2021-03-04 08:02:59.807892,[380, 181, 0, 0, 376, 177, 0, 0, 360, 180, 343, 196, 362, 199, 409, 205, 406, 206, 451, 205, 453, 205, 329, 283, 326, 284, 382, 320, 378, 321, 348, 370, 350, 371],squat_left
292,2021-03-04 08:02:59.971583,[381, 184, 380, 179, 377, 179, 0, 0, 360, 182, 345, 198, 360, 200, 424, 209, 408, 206, 454, 206, 455, 206, 322, 285, 326, 286, 381, 319, 377, 320, 349, 370, 351, 371],squat_left
293,2021-03-04 08:03:00.104082,[380, 186, 381, 181, 375, 180, 0, 0, 359, 184, 343, 200, 362, 203, 430, 211, 411, 208, 454, 209, 454, 210, 327, 290, 323, 291, 383, 319, 377, 321, 349, 369, 351, 370],squat_left
294,2021-03-04 08:03:00.267153,[380, 190, 381, 184, 376, 184, 0, 0, 360, 187, 345, 203, 361, 207, 418, 214, 407, 213, 448, 214, 448, 214, 311, 293, 325, 293, 382, 318, 378, 320, 348, 370, 351, 370],squat_left
295,2021-03-04 08:03:00.438165,[381, 194, 382, 189, 377, 189, 0, 0, 360, 190, 347, 206, 359, 210, 410, 218, 406, 217, 452, 218, 455, 219, 308, 295, 323, 296, 381, 318, 379, 319, 348, 369, 352, 371],squat_left
296,2021-03-04 08:03:00.570374,[381, 195, 382, 191, 377, 190, 0, 0, 361, 192, 345, 208, 361, 211, 423, 222, 410, 219, 456, 218, 459, 218, 310, 296, 321, 297, 381, 318, 378, 320, 351, 369, 351, 370],squat_left
297,2021-03-04 08:03:00.709565,[380, 195, 0, 0, 376, 191, 0, 0, 361, 193, 342, 209, 363, 211, 422, 222, 408, 219, 452, 219, 455, 219, 308, 297, 322, 298, 379, 317, 379, 319, 348, 370, 352, 371],squat_left
298,2021-03-04 08:03:00.871396,[379, 194, 380, 190, 375, 189, 0, 0, 359, 191, 343, 207, 361, 211, 410, 219, 407, 218, 450, 218, 455, 219, 307, 296, 322, 297, 379, 318, 378, 319, 349, 370, 352, 371],squat_left
299,2021-03-04 08:03:01.039853,[380, 189, 381, 183, 376, 183, 0, 0, 359, 186, 344, 203, 359, 206, 388, 215, 406, 213, 450, 215, 453, 215, 336, 288, 324, 291, 381, 318, 376, 320, 348, 369, 350, 370],squat_left
300,2021-03-04 08:03:01.206137,[378, 178, 379, 174, 374, 173, 0, 0, 358, 176, 342, 192, 358, 194, 384, 205, 405, 204, 447, 204, 450, 205, 325, 276, 325, 278, 376, 312, 373, 313, 347, 368, 350, 369],squat_left
301,2021-03-04 08:03:01.371890,[377, 165, 0, 0, 373, 160, 0, 0, 360, 161, 340, 178, 356, 179, 387, 192, 397, 190, 442, 191, 442, 191, 329, 265, 325, 264, 372, 305, 369, 307, 349, 368, 348, 369],squat_left
302,2021-03-04 08:03:01.532770,[375, 149, 0, 0, 371, 145, 0, 0, 356, 146, 338, 163, 353, 163, 379, 172, 396, 173, 435, 177, 436, 178, 312, 250, 324, 251, 356, 303, 362, 304, 347, 368, 347, 369],squat_left
303,2021-03-04 08:03:01.674532,[372, 138, 0, 0, 367, 133, 0, 0, 351, 135, 337, 150, 348, 152, 403, 164, 391, 161, 430, 165, 428, 166, 310, 245, 325, 246, 343, 302, 354, 301, 341, 366, 346, 367],squat_left
304,2021-03-04 08:03:01.839727,[363, 132, 0, 0, 358, 127, 0, 0, 344, 129, 330, 146, 343, 147, 377, 158, 389, 156, 419, 157, 419, 158, 311, 241, 322, 243, 337, 301, 349, 300, 314, 363, 345, 361],squat_left
305,2021-03-04 08:03:02.000817,[356, 135, 0, 0, 353, 130, 0, 0, 335, 130, 319, 146, 335, 147, 388, 158, 382, 157, 415, 157, 417, 159, 300, 247, 316, 248, 326, 303, 339, 302, 313, 371, 345, 363],squat_left
306,2021-03-04 08:03:02.140277,[350, 133, 0, 0, 345, 128, 0, 0, 329, 130, 312, 147, 331, 148, 365, 157, 379, 159, 407, 158, 407, 160, 294, 247, 308, 248, 321, 303, 337, 301, 313, 367, 326, 366],squat_left
307,2021-03-04 08:03:02.304485,[346, 134, 0, 0, 341, 128, 0, 0, 327, 131, 307, 149, 325, 149, 352, 164, 372, 161, 404, 159, 404, 161, 287, 247, 301, 247, 323, 302, 329, 303, 313, 365, 313, 366],squat_left
308,2021-03-04 08:03:02.438718,[344, 138, 0, 0, 339, 132, 0, 0, 323, 135, 314, 151, 315, 152, 376, 162, 366, 160, 403, 161, 403, 161, 288, 248, 296, 248, 319, 303, 325, 303, 313, 365, 312, 367],squat_left
309,2021-03-04 08:03:02.603422,[340, 146, 0, 0, 337, 141, 0, 0, 319, 145, 312, 159, 317, 160, 368, 170, 367, 167, 400, 167, 402, 168, 299, 251, 293, 252, 320, 303, 330, 304, 313, 366, 314, 367],squat_left
310,2021-03-04 08:03:02.793121,[342, 155, 0, 0, 337, 149, 0, 0, 320, 151, 309, 166, 315, 169, 361, 178, 364, 175, 402, 174, 403, 174, 299, 261, 291, 259, 332, 303, 332, 305, 313, 367, 317, 368],squat_left
311,2021-03-04 08:03:02.965296,[343, 166, 0, 0, 339, 161, 0, 0, 323, 164, 306, 179, 321, 180, 371, 185, 362, 186, 399, 185, 401, 186, 284, 268, 292, 269, 338, 305, 336, 307, 314, 365, 316, 367],squat_left
312,2021-03-04 08:03:03.105727,[342, 175, 342, 170, 337, 169, 0, 0, 320, 174, 312, 190, 320, 191, 356, 199, 361, 196, 402, 197, 402, 198, 299, 277, 291, 276, 341, 309, 337, 311, 315, 366, 315, 367],squat_left
313,2021-03-04 08:03:03.271215,[345, 185, 0, 0, 341, 179, 0, 0, 326, 181, 303, 197, 324, 199, 381, 208, 376, 208, 410, 207, 0, 0, 277, 284, 288, 285, 339, 311, 339, 313, 315, 366, 315, 368],squat_left
314,2021-03-04 08:03:03.432275,[346, 193, 347, 188, 343, 187, 0, 0, 328, 189, 311, 205, 324, 208, 346, 216, 368, 217, 408, 218, 0, 0, 290, 286, 290, 290, 340, 311, 341, 312, 315, 366, 318, 367],squat_left
315,2021-03-04 08:03:03.577373,[346, 195, 0, 0, 342, 190, 0, 0, 327, 191, 309, 207, 326, 209, 350, 220, 367, 219, 407, 220, 409, 222, 273, 293, 288, 293, 344, 310, 344, 312, 315, 366, 317, 367],squat_left
316,2021-03-04 08:03:03.740973,[346, 192, 347, 187, 342, 186, 0, 0, 327, 188, 310, 204, 326, 207, 376, 218, 369, 216, 408, 219, 0, 0, 273, 290, 291, 290, 342, 311, 342, 312, 315, 366, 317, 367],squat_left
317,2021-03-04 08:03:03.898951,[345, 179, 0, 0, 342, 175, 0, 0, 326, 177, 307, 193, 324, 195, 355, 205, 369, 204, 408, 205, 0, 0, 278, 276, 293, 278, 341, 309, 339, 311, 316, 366, 315, 367],squat_left
318,2021-03-04 08:03:04.039741,[344, 167, 0, 0, 340, 163, 0, 0, 326, 164, 307, 181, 321, 181, 347, 193, 362, 191, 404, 192, 0, 0, 294, 266, 292, 269, 340, 305, 336, 307, 314, 365, 315, 366],squat_left
319,2021-03-04 08:03:04.204122,[342, 154, 0, 0, 338, 148, 0, 0, 324, 149, 304, 166, 320, 165, 351, 176, 361, 174, 400, 175, 402, 175, 284, 256, 291, 257, 326, 303, 330, 304, 314, 366, 315, 367],squat_left
320,2021-03-04 08:03:04.368279,[340, 138, 0, 0, 336, 132, 0, 0, 318, 135, 306, 151, 315, 152, 377, 161, 362, 158, 401, 159, 401, 160, 287, 247, 295, 249, 311, 306, 321, 305, 308, 368, 313, 369],squat_left
321,2021-03-04 08:03:04.537362,[334, 129, 335, 124, 330, 123, 0, 0, 313, 126, 313, 143, 311, 144, 363, 148, 352, 151, 401, 145, 402, 146, 294, 238, 298, 239, 310, 302, 313, 302, 307, 368, 307, 369],squat_left
322,2021-03-04 08:03:04.677691,[331, 128, 332, 122, 327, 121, 0, 0, 310, 125, 312, 140, 307, 141, 362, 147, 353, 148, 399, 140, 401, 140, 297, 237, 302, 239, 305, 301, 308, 301, 306, 365, 305, 366],squat_left
323,2021-03-04 08:03:04.831965,[331, 126, 333, 121, 327, 119, 0, 0, 310, 124, 313, 141, 306, 141, 363, 145, 353, 146, 402, 139, 404, 139, 297, 237, 302, 238, 308, 301, 309, 302, 307, 366, 306, 367],squat_left
324,2021-03-04 08:03:04.972401,[335, 125, 335, 121, 331, 120, 0, 0, 313, 124, 309, 140, 312, 142, 357, 148, 356, 148, 399, 143, 401, 144, 295, 237, 298, 238, 311, 302, 313, 302, 307, 368, 307, 369],squat_left
325,2021-03-04 08:03:05.137312,[338, 134, 0, 0, 334, 128, 0, 0, 316, 130, 307, 146, 316, 148, 370, 151, 363, 152, 397, 152, 399, 152, 286, 247, 298, 248, 316, 302, 321, 302, 310, 369, 312, 369],squat_left
326,2021-03-04 08:03:05.290225,[339, 146, 340, 140, 335, 140, 0, 0, 317, 142, 320, 162, 312, 162, 358, 168, 357, 165, 399, 164, 399, 165, 296, 253, 295, 254, 330, 303, 332, 304, 312, 368, 312, 369],squat_left
327,2021-03-04 08:03:05.444487,[341, 163, 0, 0, 336, 158, 0, 0, 318, 161, 306, 176, 319, 177, 377, 185, 363, 183, 408, 184, 411, 185, 299, 266, 297, 267, 344, 308, 341, 310, 315, 369, 317, 370],squat_left
328,2021-03-04 08:03:05.603803,[344, 177, 346, 171, 341, 171, 0, 0, 325, 173, 315, 190, 321, 192, 356, 202, 365, 199, 414, 200, 0, 0, 286, 278, 297, 279, 349, 313, 344, 314, 311, 369, 319, 370],squat_left
329,2021-03-04 08:03:05.738240,[348, 181, 0, 0, 344, 176, 0, 0, 329, 179, 311, 195, 327, 198, 376, 208, 372, 208, 408, 210, 0, 0, 300, 282, 296, 284, 351, 317, 345, 319, 311, 369, 319, 370],squat_left
330,2021-03-04 08:03:05.873420,[349, 189, 350, 184, 345, 183, 0, 0, 329, 186, 313, 202, 329, 204, 396, 217, 381, 215, 419, 216, 0, 0, 282, 291, 299, 290, 352, 320, 348, 321, 311, 368, 319, 370],squat_left
331,2021-03-04 08:03:06.037277,[351, 193, 0, 0, 346, 188, 0, 0, 330, 189, 316, 205, 328, 209, 357, 220, 380, 220, 414, 220, 0, 0, 306, 291, 295, 293, 352, 319, 348, 321, 312, 368, 318, 370],squat_left
332,2021-03-04 08:03:06.192141,[351, 192, 352, 187, 346, 186, 0, 0, 330, 188, 317, 203, 329, 207, 360, 220, 375, 220, 415, 220, 0, 0, 306, 289, 296, 291, 352, 319, 347, 320, 312, 368, 317, 370],squat_left
333,2021-03-04 08:03:06.349541,[350, 184, 0, 0, 347, 179, 0, 0, 330, 182, 310, 198, 330, 201, 368, 213, 375, 213, 410, 217, 0, 0, 285, 286, 298, 286, 352, 318, 345, 320, 313, 368, 318, 369],squat_left
334,2021-03-04 08:03:06.505591,[347, 177, 349, 171, 344, 170, 0, 0, 328, 172, 316, 189, 324, 192, 358, 202, 371, 202, 409, 204, 411, 206, 300, 275, 296, 276, 349, 310, 343, 312, 314, 368, 315, 369],squat_left
335,2021-03-04 08:03:06.664753,[346, 158, 348, 154, 343, 153, 0, 0, 327, 155, 317, 172, 321, 174, 374, 183, 363, 182, 407, 186, 409, 187, 295, 261, 297, 262, 341, 304, 337, 306, 314, 366, 315, 367],squat_left
336,2021-03-04 08:03:06.805277,[344, 145, 344, 141, 340, 140, 0, 0, 324, 143, 315, 159, 320, 160, 357, 169, 362, 167, 403, 169, 404, 170, 291, 250, 297, 252, 330, 303, 332, 304, 314, 366, 313, 368],squat_left
337,2021-03-04 08:03:06.970512,[338, 133, 341, 129, 335, 128, 0, 0, 318, 132, 315, 147, 316, 149, 367, 155, 365, 152, 400, 153, 402, 154, 294, 244, 301, 245, 318, 302, 322, 301, 311, 366, 313, 367],squat_left
338,2021-03-04 08:03:07.149121,[330, 130, 334, 125, 326, 124, 0, 0, 310, 128, 325, 147, 308, 146, 363, 150, 359, 148, 399, 145, 400, 146, 288, 245, 303, 244, 318, 303, 321, 303, 309, 369, 309, 370],squat_left
339,2021-03-04 08:03:07.304289,[326, 126, 332, 122, 323, 118, 0, 0, 304, 126, 327, 147, 304, 145, 361, 148, 358, 146, 396, 141, 397, 142, 299, 243, 305, 245, 315, 304, 321, 305, 310, 369, 310, 370],squat_left
340,2021-03-04 08:03:07.470269,[327, 124, 332, 119, 323, 117, 0, 0, 304, 124, 325, 146, 305, 142, 357, 149, 356, 146, 397, 137, 398, 138, 292, 243, 303, 244, 315, 302, 327, 302, 313, 368, 311, 369],squat_left
341,2021-03-04 08:03:07.602418,[330, 125, 334, 121, 324, 118, 0, 0, 307, 125, 323, 146, 307, 143, 360, 149, 359, 146, 398, 142, 399, 144, 286, 244, 300, 245, 317, 303, 330, 303, 315, 370, 314, 371],squat_left
342,2021-03-04 08:03:07.741856,[333, 134, 337, 130, 328, 127, 0, 0, 311, 132, 322, 152, 310, 152, 367, 153, 363, 151, 399, 150, 401, 150, 295, 249, 297, 250, 330, 304, 334, 306, 316, 371, 316, 372],squat_left
343,2021-03-04 08:03:07.906073,[334, 148, 339, 145, 330, 144, 0, 0, 312, 146, 325, 165, 311, 165, 363, 167, 359, 165, 402, 160, 401, 160, 291, 261, 295, 262, 329, 312, 339, 307, 318, 370, 319, 371],squat_left
344,2021-03-04 08:03:08.067408,[336, 160, 340, 155, 330, 154, 0, 0, 313, 158, 331, 179, 312, 176, 370, 177, 350, 176, 412, 172, 414, 172, 295, 270, 296, 271, 345, 308, 344, 310, 316, 373, 319, 373],squat_left
345,2021-03-04 08:03:08.206250,[340, 167, 342, 162, 333, 161, 0, 0, 316, 164, 334, 185, 314, 183, 375, 184, 371, 183, 409, 181, 0, 0, 300, 276, 293, 277, 350, 310, 345, 313, 318, 372, 318, 373],squat_left
346,2021-03-04 08:03:08.370127,[341, 175, 346, 170, 335, 168, 0, 0, 318, 171, 329, 191, 316, 190, 375, 194, 356, 191, 418, 189, 421, 189, 290, 280, 294, 281, 351, 314, 344, 316, 317, 372, 318, 374],squat_left
347,2021-03-04 08:03:08.502689,[342, 179, 345, 175, 336, 173, 0, 0, 319, 177, 324, 193, 319, 192, 374, 199, 360, 196, 414, 198, 415, 199, 295, 283, 293, 284, 350, 314, 345, 317, 321, 372, 317, 373],squat_left
348,2021-03-04 08:03:08.642171,[344, 181, 347, 176, 337, 176, 0, 0, 321, 178, 333, 196, 318, 198, 375, 202, 360, 201, 419, 202, 424, 203, 303, 285, 291, 287, 350, 315, 346, 317, 320, 372, 318, 374],squat_left
349,2021-03-04 08:03:08.823739,[346, 186, 349, 181, 340, 179, 0, 0, 324, 180, 321, 196, 322, 199, 376, 207, 372, 204, 422, 205, 425, 205, 296, 288, 294, 290, 351, 315, 348, 317, 320, 372, 318, 373],squat_left
350,2021-03-04 08:03:08.975151,[346, 186, 350, 181, 340, 180, 0, 0, 324, 181, 325, 197, 323, 200, 375, 210, 379, 207, 419, 208, 0, 0, 309, 287, 294, 290, 351, 315, 349, 317, 319, 372, 319, 374],squat_left
351,2021-03-04 08:03:09.135324,[346, 186, 349, 181, 340, 179, 0, 0, 324, 180, 328, 199, 322, 200, 379, 208, 378, 205, 421, 208, 0, 0, 310, 287, 294, 290, 352, 316, 349, 318, 320, 372, 319, 373],squat_left
352,2021-03-04 08:03:09.274870,[345, 180, 348, 176, 338, 174, 0, 0, 322, 177, 326, 195, 321, 197, 377, 204, 379, 202, 426, 203, 430, 203, 306, 283, 293, 285, 352, 315, 346, 317, 319, 373, 316, 374],squat_left
353,2021-03-04 08:03:09.431054,[344, 172, 349, 167, 337, 166, 0, 0, 321, 166, 339, 190, 316, 187, 379, 194, 0, 0, 415, 194, 0, 0, 302, 275, 293, 278, 351, 310, 345, 312, 320, 370, 318, 372],squat_left
354,2021-03-04 08:03:09.573902,[341, 160, 345, 156, 335, 155, 0, 0, 317, 159, 324, 176, 320, 176, 377, 184, 359, 180, 422, 184, 0, 0, 291, 267, 295, 269, 344, 307, 343, 309, 318, 370, 317, 372],squat_left
355,2021-03-04 08:03:09.763136,[339, 148, 342, 144, 332, 143, 0, 0, 317, 147, 324, 165, 318, 165, 378, 172, 379, 170, 427, 168, 0, 0, 290, 259, 295, 260, 327, 312, 338, 307, 319, 371, 319, 372],squat_left
356,2021-03-04 08:03:09.931350,[336, 134, 340, 131, 332, 129, 0, 0, 315, 131, 321, 150, 315, 151, 384, 156, 356, 151, 417, 153, 421, 153, 294, 249, 295, 250, 324, 305, 330, 306, 315, 371, 318, 371],squat_left
357,2021-03-04 08:03:10.077371,[333, 125, 338, 122, 328, 120, 338, 128, 311, 126, 321, 145, 314, 143, 375, 148, 354, 148, 407, 148, 408, 149, 290, 244, 299, 246, 315, 305, 324, 305, 313, 371, 314, 372],squat_left
358,2021-03-04 08:03:10.237171,[332, 121, 335, 117, 326, 114, 0, 0, 310, 119, 324, 141, 309, 140, 373, 143, 0, 0, 402, 140, 403, 140, 298, 239, 299, 240, 312, 305, 319, 306, 309, 370, 311, 371],squat_left
359,2021-03-04 08:03:10.398568,[331, 121, 333, 116, 324, 115, 0, 0, 308, 119, 326, 140, 307, 140, 372, 143, 368, 141, 400, 137, 401, 137, 298, 238, 301, 239, 310, 305, 319, 305, 309, 370, 311, 370],squat_left
360,2021-03-04 08:03:10.578680,[331, 122, 334, 117, 326, 116, 0, 0, 309, 120, 324, 141, 308, 140, 368, 143, 353, 145, 400, 139, 401, 140, 296, 239, 300, 241, 312, 305, 319, 305, 310, 370, 312, 371],squat_left
361,2021-03-04 08:03:10.738781,[331, 125, 336, 121, 326, 118, 0, 0, 309, 124, 322, 145, 309, 142, 365, 149, 363, 145, 399, 144, 401, 145, 289, 244, 300, 245, 314, 304, 325, 304, 311, 371, 314, 372],squat_left
362,2021-03-04 08:03:10.898141,[333, 134, 336, 130, 328, 127, 0, 0, 311, 131, 321, 151, 310, 152, 368, 156, 363, 153, 398, 153, 401, 154, 298, 247, 299, 249, 329, 305, 334, 306, 315, 372, 316, 373],squat_left
363,2021-03-04 08:03:11.039004,[334, 142, 339, 137, 329, 137, 0, 0, 311, 141, 329, 163, 310, 159, 365, 165, 363, 162, 402, 161, 402, 161, 298, 258, 297, 259, 336, 304, 337, 306, 315, 373, 314, 374],squat_left
364,2021-03-04 08:03:11.203978,[337, 153, 342, 149, 331, 148, 0, 0, 315, 150, 334, 177, 309, 170, 375, 177, 382, 174, 411, 172, 414, 172, 295, 264, 297, 266, 343, 306, 342, 308, 317, 372, 318, 373],squat_left
365,2021-03-04 08:03:11.336222,[341, 163, 344, 158, 335, 158, 0, 0, 318, 162, 328, 181, 318, 180, 377, 185, 362, 182, 420, 183, 424, 183, 292, 274, 299, 275, 349, 311, 346, 313, 317, 373, 318, 375],squat_left
366,2021-03-04 08:03:11.509425,[343, 173, 347, 169, 336, 167, 0, 0, 318, 171, 337, 193, 317, 192, 372, 195, 357, 191, 410, 194, 0, 0, 290, 280, 298, 281, 354, 315, 348, 317, 319, 373, 319, 374],squat_left
367,2021-03-04 08:03:11.674410,[344, 181, 347, 176, 338, 176, 0, 0, 322, 178, 325, 195, 320, 197, 379, 204, 371, 202, 426, 202, 432, 202, 300, 284, 295, 286, 354, 317, 350, 319, 319, 373, 320, 374],squat_left
368,2021-03-04 08:03:11.835444,[346, 187, 349, 181, 340, 180, 0, 0, 324, 181, 326, 198, 321, 200, 377, 209, 362, 206, 416, 209, 0, 0, 298, 290, 293, 291, 352, 317, 351, 318, 319, 372, 320, 374],squat_left
369,2021-03-04 08:03:11.977032,[346, 187, 350, 182, 341, 180, 0, 0, 325, 181, 315, 197, 327, 200, 377, 209, 376, 209, 417, 211, 417, 212, 281, 292, 294, 291, 351, 315, 351, 317, 319, 372, 320, 374],squat_left
370,2021-03-04 08:03:12.140198,[345, 181, 348, 177, 339, 176, 0, 0, 324, 177, 320, 194, 321, 196, 369, 206, 374, 204, 418, 207, 0, 0, 306, 282, 293, 284, 353, 314, 347, 316, 321, 372, 319, 374],squat_left
371,2021-03-04 08:03:12.313673,[344, 173, 349, 168, 339, 165, 0, 0, 321, 167, 331, 189, 318, 187, 371, 195, 357, 194, 410, 196, 0, 0, 300, 276, 293, 278, 351, 311, 347, 313, 320, 370, 318, 372],squat_left
372,2021-03-04 08:03:12.472221,[342, 157, 347, 153, 336, 151, 0, 0, 319, 154, 327, 175, 318, 174, 373, 181, 360, 176, 412, 180, 415, 182, 297, 264, 295, 266, 342, 307, 342, 309, 318, 371, 318, 372],squat_left
373,2021-03-04 08:03:12.639973,[340, 144, 344, 140, 334, 137, 0, 0, 316, 143, 324, 162, 318, 160, 369, 168, 365, 165, 405, 167, 407, 168, 293, 256, 297, 257, 333, 306, 336, 307, 317, 370, 320, 371],squat_left
374,2021-03-04 08:03:12.801325,[338, 133, 340, 128, 332, 127, 0, 0, 315, 131, 321, 149, 315, 149, 372, 155, 370, 153, 405, 153, 406, 154, 291, 247, 297, 248, 319, 305, 328, 305, 315, 371, 316, 371],squat_left
375,2021-03-04 08:03:12.943537,[334, 125, 338, 121, 328, 119, 339, 127, 311, 125, 326, 145, 312, 143, 372, 149, 0, 0, 405, 147, 405, 148, 292, 244, 298, 245, 314, 305, 322, 305, 314, 371, 312, 372],squat_left
376,2021-03-04 08:03:13.116659,[333, 122, 336, 118, 328, 117, 0, 0, 310, 121, 319, 140, 310, 140, 367, 144, 365, 142, 401, 141, 401, 142, 297, 239, 298, 240, 312, 305, 320, 305, 309, 370, 312, 371],squat_left
377,2021-03-04 08:03:13.269781,[331, 121, 334, 116, 325, 116, 0, 0, 308, 119, 323, 141, 307, 140, 366, 144, 363, 142, 398, 138, 400, 139, 299, 238, 298, 240, 314, 305, 318, 306, 307, 370, 309, 371],squat_left
378,2021-03-04 08:03:13.414013,[329, 119, 332, 114, 322, 112, 0, 0, 305, 118, 319, 142, 307, 139, 363, 144, 362, 143, 397, 138, 399, 139, 296, 241, 299, 242, 311, 304, 321, 304, 306, 370, 313, 371],squat_left
379,2021-03-04 08:03:13.575180,[329, 123, 333, 117, 323, 116, 0, 0, 305, 121, 322, 144, 303, 140, 361, 147, 351, 148, 400, 142, 400, 143, 288, 242, 299, 244, 316, 303, 329, 304, 309, 372, 325, 371],squat_left
380,2021-03-04 08:03:13.736214,[331, 129, 335, 125, 327, 122, 0, 0, 310, 128, 325, 148, 311, 146, 365, 150, 362, 148, 402, 146, 403, 147, 293, 248, 300, 249, 324, 304, 335, 304, 310, 372, 327, 372],squat_left
381,2021-03-04 08:03:13.933923,[335, 142, 341, 138, 330, 137, 0, 0, 313, 142, 333, 167, 310, 160, 370, 162, 348, 159, 406, 156, 406, 156, 297, 259, 301, 260, 341, 303, 342, 305, 315, 372, 322, 372],squat_left
382,2021-03-04 08:03:14.107143,[340, 157, 346, 153, 334, 151, 0, 0, 317, 156, 337, 178, 316, 174, 375, 176, 370, 174, 415, 170, 419, 171, 306, 268, 304, 269, 348, 305, 349, 307, 313, 375, 323, 374],squat_left
383,2021-03-04 08:03:14.267639,[344, 169, 347, 164, 339, 163, 0, 0, 322, 165, 322, 181, 320, 184, 371, 187, 372, 186, 412, 184, 415, 184, 312, 276, 299, 278, 353, 310, 353, 312, 315, 375, 321, 375],squat_left
384,2021-03-04 08:03:14.411773,[343, 174, 349, 169, 337, 167, 351, 175, 321, 173, 339, 193, 320, 191, 386, 193, 360, 191, 0, 0, 0, 0, 299, 281, 299, 282, 354, 311, 352, 313, 317, 375, 316, 376],squat_left
385,2021-03-04 08:03:14.572831,[348, 180, 351, 176, 343, 175, 0, 0, 327, 177, 321, 193, 330, 196, 377, 200, 378, 198, 417, 197, 417, 198, 314, 286, 300, 286, 353, 312, 355, 313, 316, 374, 318, 374],squat_left
386,2021-03-04 08:03:14.760263,[349, 184, 353, 179, 344, 178, 0, 0, 328, 180, 324, 197, 330, 198, 384, 204, 381, 202, 421, 201, 424, 201, 313, 289, 299, 290, 355, 313, 355, 314, 315, 373, 320, 374],squat_left
387,2021-03-04 08:03:14.939249,[349, 183, 353, 178, 346, 177, 0, 0, 329, 179, 322, 196, 331, 197, 381, 204, 380, 201, 423, 200, 425, 201, 304, 285, 300, 288, 356, 312, 356, 314, 315, 374, 320, 374],squat_left
388,2021-03-04 08:03:15.106142,[349, 175, 353, 169, 344, 168, 0, 0, 328, 172, 325, 189, 329, 190, 379, 196, 379, 193, 422, 191, 422, 192, 311, 278, 301, 280, 357, 311, 353, 313, 317, 374, 318, 375],squat_left
389,2021-03-04 08:03:15.267504,[348, 161, 351, 156, 343, 155, 0, 0, 327, 160, 323, 175, 329, 178, 385, 182, 372, 180, 425, 179, 426, 180, 298, 268, 306, 269, 354, 308, 352, 310, 316, 374, 320, 374],squat_left
390,2021-03-04 08:03:15.410037,[346, 148, 348, 145, 340, 143, 0, 0, 325, 147, 321, 164, 325, 165, 375, 169, 379, 167, 425, 167, 0, 0, 297, 260, 305, 261, 343, 306, 348, 307, 315, 373, 323, 372],squat_left
391,2021-03-04 08:03:15.593403,[344, 137, 347, 131, 338, 130, 0, 0, 321, 134, 323, 152, 322, 154, 376, 157, 376, 155, 410, 153, 412, 153, 298, 250, 306, 251, 329, 306, 340, 305, 315, 370, 328, 370],squat_left
392,2021-03-04 08:03:15.769851,[340, 123, 344, 118, 334, 117, 0, 0, 316, 123, 332, 144, 317, 142, 375, 146, 357, 145, 412, 141, 414, 142, 300, 242, 307, 244, 317, 304, 333, 305, 309, 371, 326, 372],squat_left
393,2021-03-04 08:03:15.938920,[335, 119, 338, 115, 330, 113, 0, 0, 312, 119, 324, 138, 314, 138, 375, 140, 376, 138, 406, 135, 407, 135, 307, 238, 305, 240, 313, 301, 325, 301, 310, 371, 325, 371],squat_left
394,2021-03-04 08:03:16.105549,[333, 117, 335, 114, 328, 112, 0, 0, 310, 117, 316, 135, 312, 137, 375, 140, 362, 137, 403, 135, 404, 135, 305, 237, 305, 239, 312, 299, 328, 299, 310, 366, 310, 367],squat_left
395,2021-03-04 08:03:16.269077,[331, 120, 333, 115, 324, 113, 0, 0, 308, 120, 324, 140, 308, 141, 378, 142, 0, 0, 404, 136, 407, 136, 304, 239, 304, 240, 312, 302, 321, 302, 307, 370, 307, 371],squat_left
396,2021-03-04 08:03:16.418452,[330, 125, 333, 120, 324, 119, 334, 126, 307, 126, 325, 145, 307, 144, 373, 144, 349, 146, 405, 139, 408, 139, 303, 242, 304, 244, 317, 302, 324, 302, 311, 370, 312, 371],squat_left
397,2021-03-04 08:03:16.576692,[332, 133, 335, 130, 326, 127, 0, 0, 310, 132, 319, 149, 309, 152, 367, 151, 362, 150, 402, 148, 403, 148, 301, 245, 301, 246, 328, 303, 331, 304, 315, 370, 315, 370],squat_left
398,2021-03-04 08:03:16.735397,[335, 148, 339, 144, 330, 143, 0, 0, 313, 146, 329, 166, 313, 164, 365, 166, 358, 165, 401, 160, 401, 161, 300, 258, 299, 259, 338, 303, 337, 305, 318, 369, 316, 369],squat_left
399,2021-03-04 08:03:16.874392,[337, 158, 342, 153, 332, 152, 0, 0, 316, 156, 332, 177, 313, 173, 363, 178, 359, 177, 402, 173, 403, 174, 309, 265, 300, 266, 343, 307, 343, 309, 319, 369, 320, 369],squat_left
400,2021-03-04 08:03:17.040698,[342, 171, 345, 166, 337, 165, 0, 0, 320, 168, 330, 186, 317, 185, 371, 189, 357, 188, 405, 184, 407, 185, 294, 277, 302, 278, 353, 314, 347, 316, 319, 369, 319, 370],squat_left
401,2021-03-04 08:03:17.206148,[344, 179, 347, 174, 338, 173, 0, 0, 321, 178, 325, 192, 321, 194, 370, 198, 370, 196, 412, 193, 412, 194, 308, 284, 301, 284, 355, 318, 349, 319, 317, 370, 320, 371],squat_left
402,2021-03-04 08:03:17.373218,[347, 184, 349, 179, 341, 179, 0, 0, 326, 180, 320, 196, 327, 199, 368, 203, 377, 201, 417, 201, 421, 202, 311, 287, 298, 288, 354, 319, 349, 320, 315, 370, 321, 371],squat_left
403,2021-03-04 08:03:17.540623,[348, 185, 351, 180, 343, 179, 0, 0, 326, 182, 319, 197, 328, 200, 380, 208, 380, 206, 422, 203, 425, 203, 309, 288, 297, 289, 353, 319, 349, 320, 315, 370, 321, 371],squat_left
