0,2021-03-04 08:12:22.377508,[327, 116, 333, 110, 320, 110, 342, 114, 310, 115, 359, 151, 299, 150, 368, 193, 289, 193, 368, 235, 293, 237, 348, 245, 311, 248, 357, 307, 312, 310, 340, 365, 317, 364],squad_infrontofcamera
1,2021-03-04 08:12:22.930984,[330, 144, 336, 138, 323, 138, 344, 142, 313, 143, 359, 174, 301, 175, 370, 206, 292, 210, 369, 235, 289, 239, 349, 255, 311, 257, 364, 315, 303, 315, 357, 367, 316, 370],squad_infrontofcamera
2,2021-03-04 08:12:23.190990,[331, 173, 337, 166, 324, 167, 345, 170, 316, 170, 356, 196, 305, 195, 363, 217, 304, 220, 358, 212, 308, 214, 349, 272, 314, 273, 366, 320, 302, 322, 357, 367, 316, 370],squad_infrontofcamera
3,2021-03-04 08:12:23.428100,[331, 173, 337, 168, 325, 167, 346, 171, 316, 171, 354, 197, 307, 196, 364, 215, 305, 212, 362, 209, 305, 207, 350, 273, 313, 274, 366, 321, 303, 323, 357, 367, 316, 370],squad_infrontofcamera
4,2021-03-04 08:12:23.700588,[332, 169, 338, 164, 325, 163, 346, 168, 316, 167, 352, 193, 305, 191, 363, 208, 301, 208, 360, 203, 307, 203, 350, 271, 313, 273, 366, 320, 301, 322, 357, 367, 317, 370],squad_infrontofcamera
5,2021-03-04 08:12:23.960763,[331, 170, 338, 164, 325, 164, 346, 168, 316, 168, 353, 193, 306, 192, 364, 208, 300, 204, 359, 202, 303, 202, 350, 271, 314, 273, 366, 320, 301, 322, 357, 367, 317, 370],squad_infrontofcamera
6,2021-03-04 08:12:24.233889,[331, 168, 338, 163, 325, 163, 346, 167, 316, 166, 355, 192, 306, 191, 364, 207, 303, 207, 357, 202, 307, 200, 350, 270, 315, 272, 366, 320, 302, 321, 358, 367, 316, 370],squad_infrontofcamera
7,2021-03-04 08:12:24.529397,[331, 156, 337, 150, 325, 151, 345, 155, 316, 154, 354, 180, 307, 180, 365, 195, 305, 194, 360, 190, 308, 188, 350, 263, 315, 263, 364, 316, 303, 315, 358, 368, 314, 369],squad_infrontofcamera
8,2021-03-04 08:12:24.795838,[331, 130, 337, 125, 324, 124, 346, 129, 315, 129, 354, 153, 306, 155, 363, 170, 302, 172, 357, 166, 309, 164, 349, 242, 315, 244, 358, 304, 309, 305, 356, 367, 316, 366],squad_infrontofcamera
9,2021-03-04 08:12:25.064054,[329, 118, 337, 111, 322, 112, 346, 118, 315, 118, 356, 144, 306, 144, 359, 154, 306, 154, 348, 152, 326, 150, 349, 237, 315, 238, 360, 304, 310, 304, 339, 367, 315, 364],squad_infrontofcamera
10,2021-03-04 08:12:25.329150,[330, 117, 337, 110, 323, 111, 346, 116, 315, 116, 357, 144, 307, 144, 357, 152, 306, 157, 342, 150, 324, 148, 349, 238, 315, 239, 359, 303, 310, 304, 340, 367, 316, 364],squad_infrontofcamera
11,2021-03-04 08:12:25.595733,[329, 124, 335, 118, 322, 118, 344, 122, 315, 123, 355, 149, 306, 149, 363, 157, 308, 158, 346, 154, 321, 152, 349, 238, 314, 240, 363, 303, 308, 300, 357, 366, 316, 365],squad_infrontofcamera
12,2021-03-04 08:12:25.862401,[328, 144, 335, 138, 321, 138, 342, 142, 313, 142, 353, 170, 305, 170, 0, 0, 305, 176, 347, 172, 325, 171, 349, 253, 315, 254, 363, 313, 304, 313, 357, 367, 314, 368],squad_infrontofcamera
13,2021-03-04 08:12:26.128445,[329, 167, 337, 160, 323, 161, 344, 167, 314, 167, 351, 194, 305, 194, 363, 202, 305, 196, 351, 197, 317, 191, 348, 271, 313, 273, 367, 320, 302, 322, 356, 367, 317, 370],squad_infrontofcamera
14,2021-03-04 08:12:26.394999,[329, 176, 336, 169, 322, 170, 343, 173, 314, 173, 352, 198, 305, 199, 361, 210, 306, 212, 345, 207, 320, 205, 349, 274, 314, 276, 365, 322, 302, 325, 356, 368, 317, 370],squad_infrontofcamera
15,2021-03-04 08:12:26.661528,[329, 173, 335, 166, 323, 167, 343, 170, 314, 171, 354, 195, 306, 196, 361, 206, 308, 208, 349, 206, 314, 205, 349, 273, 313, 275, 365, 321, 302, 325, 356, 368, 317, 370],squad_infrontofcamera
16,2021-03-04 08:12:26.928353,[329, 165, 336, 159, 321, 158, 345, 164, 314, 164, 354, 189, 304, 189, 358, 198, 306, 197, 342, 199, 319, 198, 349, 268, 313, 270, 364, 319, 302, 322, 356, 368, 317, 371],squad_infrontofcamera
17,2021-03-04 08:12:27.194854,[329, 145, 336, 140, 322, 140, 344, 144, 313, 144, 354, 172, 305, 172, 351, 181, 307, 184, 340, 179, 317, 178, 349, 253, 315, 256, 360, 311, 307, 313, 357, 368, 316, 368],squad_infrontofcamera
18,2021-03-04 08:12:27.461415,[329, 124, 335, 117, 322, 117, 344, 121, 314, 122, 356, 148, 305, 149, 358, 162, 310, 156, 345, 156, 324, 153, 349, 236, 314, 239, 361, 303, 309, 303, 355, 366, 317, 365],squad_infrontofcamera
19,2021-03-04 08:12:27.728226,[327, 117, 334, 110, 321, 111, 343, 115, 313, 116, 354, 143, 305, 145, 350, 152, 309, 160, 336, 145, 322, 141, 348, 236, 315, 238, 357, 303, 311, 306, 344, 366, 317, 364],squad_infrontofcamera
20,2021-03-04 08:12:27.994630,[327, 117, 334, 111, 320, 111, 343, 115, 313, 116, 353, 143, 303, 147, 350, 152, 310, 158, 337, 146, 318, 143, 348, 237, 314, 239, 358, 304, 311, 307, 341, 367, 318, 364],squad_infrontofcamera
21,2021-03-04 08:12:28.261371,[326, 119, 331, 112, 319, 113, 342, 117, 311, 119, 355, 143, 304, 145, 351, 156, 305, 156, 337, 150, 318, 148, 348, 235, 313, 237, 358, 300, 309, 301, 356, 366, 316, 366],squad_infrontofcamera
22,2021-03-04 08:12:28.528774,[325, 142, 332, 136, 319, 137, 340, 139, 312, 140, 350, 166, 303, 166, 358, 178, 0, 0, 343, 171, 317, 167, 347, 251, 312, 253, 362, 313, 305, 314, 355, 367, 316, 368],squad_infrontofcamera
23,2021-03-04 08:12:28.794694,[327, 164, 333, 158, 321, 159, 342, 163, 313, 163, 352, 190, 305, 191, 361, 195, 301, 194, 344, 193, 306, 191, 349, 270, 313, 273, 364, 320, 301, 324, 354, 368, 317, 370],squad_infrontofcamera
24,2021-03-04 08:12:29.060467,[329, 170, 335, 164, 322, 164, 344, 169, 314, 169, 353, 197, 304, 194, 360, 210, 305, 208, 346, 202, 311, 202, 348, 272, 313, 276, 365, 321, 302, 326, 354, 368, 317, 370],squad_infrontofcamera
25,2021-03-04 08:12:29.344089,[330, 168, 335, 162, 322, 162, 344, 167, 314, 167, 353, 194, 303, 192, 362, 206, 305, 205, 345, 203, 316, 202, 349, 272, 313, 274, 364, 320, 302, 324, 354, 367, 317, 369],squad_infrontofcamera
26,2021-03-04 08:12:29.593414,[328, 161, 334, 154, 321, 155, 342, 158, 313, 158, 353, 185, 305, 186, 366, 193, 306, 194, 344, 191, 315, 190, 348, 266, 314, 268, 363, 319, 302, 321, 355, 368, 317, 370],squad_infrontofcamera
27,2021-03-04 08:12:29.861977,[327, 141, 335, 135, 321, 135, 343, 139, 314, 139, 354, 166, 304, 164, 363, 175, 306, 169, 347, 172, 326, 172, 349, 249, 313, 251, 358, 307, 308, 311, 356, 368, 316, 368],squad_infrontofcamera
28,2021-03-04 08:12:30.146949,[328, 121, 334, 115, 321, 116, 344, 119, 314, 122, 354, 146, 308, 148, 361, 155, 305, 155, 345, 151, 314, 150, 349, 238, 314, 239, 361, 302, 309, 301, 356, 366, 317, 365],squad_infrontofcamera
29,2021-03-04 08:12:30.428739,[328, 116, 334, 110, 321, 111, 344, 114, 314, 116, 354, 143, 307, 143, 356, 144, 305, 149, 336, 142, 319, 137, 349, 234, 315, 236, 357, 301, 311, 305, 340, 367, 316, 365],squad_infrontofcamera
30,2021-03-04 08:12:30.694121,[329, 118, 335, 111, 322, 111, 345, 115, 315, 117, 355, 144, 308, 145, 0, 0, 307, 148, 331, 140, 316, 137, 349, 236, 315, 238, 359, 303, 310, 305, 356, 366, 316, 365],squad_infrontofcamera
31,2021-03-04 08:12:30.983713,[328, 117, 335, 111, 320, 111, 343, 116, 313, 116, 354, 143, 305, 145, 364, 148, 304, 152, 342, 145, 317, 141, 347, 235, 312, 236, 358, 303, 310, 305, 356, 366, 315, 365],squad_infrontofcamera
32,2021-03-04 08:12:31.262106,[326, 138, 331, 130, 319, 131, 342, 135, 312, 137, 350, 162, 305, 161, 355, 170, 302, 171, 338, 163, 312, 162, 348, 248, 312, 249, 362, 309, 305, 312, 355, 366, 315, 368],squad_infrontofcamera
33,2021-03-04 08:12:31.522468,[329, 163, 335, 157, 322, 157, 343, 161, 313, 162, 351, 188, 306, 190, 363, 191, 308, 193, 349, 188, 329, 190, 349, 269, 313, 270, 364, 318, 302, 321, 355, 367, 317, 371],squad_infrontofcamera
34,2021-03-04 08:12:31.771938,[328, 175, 335, 169, 323, 169, 343, 172, 315, 172, 353, 199, 307, 198, 369, 209, 309, 208, 348, 205, 321, 202, 348, 275, 314, 277, 365, 322, 301, 324, 355, 368, 317, 370],squad_infrontofcamera
35,2021-03-04 08:12:32.022439,[329, 173, 336, 167, 323, 167, 344, 171, 315, 171, 353, 199, 307, 197, 362, 210, 308, 204, 347, 203, 314, 199, 349, 274, 315, 275, 365, 320, 302, 323, 355, 367, 317, 370],squad_infrontofcamera
36,2021-03-04 08:12:32.259044,[328, 162, 335, 156, 322, 156, 343, 161, 313, 161, 353, 188, 307, 189, 362, 196, 307, 194, 343, 193, 321, 188, 348, 267, 315, 268, 363, 318, 302, 318, 356, 367, 316, 370],squad_infrontofcamera
37,2021-03-04 08:12:32.527341,[327, 141, 335, 135, 321, 135, 343, 139, 314, 140, 352, 167, 307, 166, 363, 178, 0, 0, 349, 170, 0, 0, 349, 251, 313, 252, 356, 305, 308, 312, 356, 367, 315, 368],squad_infrontofcamera
38,2021-03-04 08:12:32.795705,[326, 122, 331, 115, 320, 116, 343, 120, 312, 121, 351, 148, 305, 145, 357, 158, 301, 158, 341, 152, 317, 148, 348, 238, 313, 238, 360, 302, 308, 302, 357, 366, 316, 366],squad_infrontofcamera
39,2021-03-04 08:12:33.060415,[326, 118, 332, 112, 319, 112, 342, 114, 311, 117, 354, 145, 304, 145, 0, 0, 303, 154, 330, 142, 316, 139, 347, 235, 312, 236, 357, 301, 310, 304, 346, 367, 315, 364],squad_infrontofcamera
40,2021-03-04 08:12:33.350016,[326, 119, 332, 112, 318, 112, 342, 116, 312, 117, 353, 144, 304, 145, 357, 151, 304, 153, 340, 145, 315, 141, 348, 234, 313, 236, 358, 301, 309, 302, 356, 366, 315, 365],squad_infrontofcamera
41,2021-03-04 08:12:33.627238,[325, 131, 331, 125, 319, 125, 341, 127, 312, 127, 349, 154, 303, 155, 358, 160, 301, 163, 342, 157, 319, 153, 348, 242, 312, 244, 361, 303, 306, 302, 355, 366, 316, 367],squad_infrontofcamera
42,2021-03-04 08:12:33.893658,[327, 153, 333, 146, 320, 148, 342, 151, 313, 153, 350, 178, 305, 179, 361, 186, 304, 181, 351, 182, 0, 0, 348, 261, 314, 263, 362, 316, 303, 317, 356, 367, 316, 370],squad_infrontofcamera
43,2021-03-04 08:12:34.165418,[330, 170, 336, 164, 323, 164, 344, 168, 315, 169, 354, 196, 305, 194, 361, 209, 306, 200, 349, 201, 315, 198, 349, 272, 314, 274, 364, 320, 303, 323, 355, 368, 317, 370],squad_infrontofcamera
44,2021-03-04 08:12:34.429784,[330, 172, 336, 166, 323, 166, 345, 169, 316, 170, 356, 197, 306, 196, 360, 215, 308, 207, 349, 206, 317, 202, 349, 273, 314, 274, 364, 320, 303, 324, 355, 368, 318, 370],squad_infrontofcamera
45,2021-03-04 08:12:34.694510,[328, 162, 336, 156, 322, 156, 344, 160, 314, 160, 354, 188, 307, 188, 362, 197, 309, 197, 345, 194, 321, 191, 349, 266, 315, 267, 362, 318, 304, 318, 356, 368, 316, 370],squad_infrontofcamera
46,2021-03-04 08:12:34.964900,[327, 141, 335, 135, 322, 135, 343, 139, 314, 139, 353, 165, 305, 165, 366, 176, 303, 170, 350, 173, 329, 172, 349, 249, 313, 251, 359, 306, 308, 310, 356, 367, 317, 368],squad_infrontofcamera
47,2021-03-04 08:12:35.259771,[326, 122, 330, 114, 319, 116, 342, 119, 312, 121, 354, 147, 305, 146, 363, 159, 303, 160, 344, 151, 314, 147, 348, 235, 313, 237, 360, 302, 309, 300, 357, 367, 316, 365],squad_infrontofcamera
48,2021-03-04 08:12:35.526995,[326, 119, 332, 112, 318, 112, 341, 115, 311, 117, 352, 144, 304, 145, 353, 145, 305, 151, 332, 140, 314, 139, 348, 234, 312, 236, 356, 302, 311, 305, 357, 364, 316, 365],squad_infrontofcamera
49,2021-03-04 08:12:35.793585,[327, 122, 331, 114, 320, 115, 343, 117, 312, 120, 354, 146, 305, 145, 0, 0, 303, 149, 330, 143, 313, 140, 347, 236, 312, 237, 358, 303, 309, 302, 356, 366, 316, 366],squad_infrontofcamera
50,2021-03-04 08:12:36.060026,[325, 141, 332, 134, 319, 135, 341, 137, 312, 138, 352, 162, 303, 163, 360, 176, 303, 172, 346, 170, 314, 167, 348, 249, 313, 250, 362, 311, 305, 311, 356, 367, 315, 369],squad_infrontofcamera
51,2021-03-04 08:12:36.326890,[328, 161, 334, 155, 321, 156, 341, 158, 313, 159, 349, 184, 305, 185, 363, 191, 306, 189, 347, 190, 315, 184, 347, 267, 313, 269, 363, 318, 301, 320, 355, 367, 317, 371],squad_infrontofcamera
52,2021-03-04 08:12:36.593385,[329, 175, 335, 169, 322, 169, 342, 173, 313, 173, 352, 199, 305, 199, 368, 206, 306, 208, 348, 207, 334, 195, 348, 276, 314, 278, 364, 322, 302, 325, 354, 368, 317, 370],squad_infrontofcamera
53,2021-03-04 08:12:36.860942,[329, 176, 336, 169, 323, 169, 344, 172, 314, 172, 353, 199, 308, 200, 365, 208, 304, 210, 350, 205, 330, 206, 349, 275, 314, 277, 363, 321, 303, 325, 354, 368, 318, 370],squad_infrontofcamera
54,2021-03-04 08:12:37.126180,[328, 163, 335, 157, 321, 157, 343, 161, 314, 162, 353, 189, 306, 190, 365, 197, 306, 194, 347, 192, 0, 0, 349, 267, 315, 268, 363, 318, 304, 318, 356, 368, 316, 370],squad_infrontofcamera
55,2021-03-04 08:12:37.427243,[327, 139, 334, 133, 321, 133, 342, 137, 314, 137, 353, 163, 305, 163, 366, 172, 301, 169, 351, 171, 330, 167, 349, 249, 313, 250, 358, 305, 308, 311, 356, 367, 316, 368],squad_infrontofcamera
56,2021-03-04 08:12:37.693123,[326, 124, 332, 116, 320, 118, 342, 121, 312, 122, 353, 148, 304, 149, 359, 159, 303, 160, 345, 152, 318, 149, 348, 237, 312, 239, 360, 303, 309, 303, 356, 367, 316, 366],squad_infrontofcamera
57,2021-03-04 08:12:37.959181,[326, 119, 333, 112, 319, 112, 342, 116, 312, 117, 354, 144, 304, 145, 359, 151, 302, 151, 339, 144, 313, 139, 348, 234, 313, 237, 357, 301, 310, 304, 357, 366, 315, 365],squad_infrontofcamera
58,2021-03-04 08:12:38.225781,[326, 119, 331, 112, 320, 113, 343, 116, 313, 118, 356, 145, 305, 145, 358, 150, 302, 151, 335, 146, 314, 140, 348, 235, 314, 237, 358, 300, 310, 302, 356, 366, 315, 365],squad_infrontofcamera
59,2021-03-04 08:12:38.495198,[326, 133, 332, 126, 320, 127, 342, 130, 313, 131, 353, 157, 305, 160, 359, 161, 306, 162, 342, 159, 313, 156, 348, 245, 313, 246, 357, 306, 307, 308, 356, 367, 317, 368],squad_infrontofcamera
60,2021-03-04 08:12:38.778127,[328, 155, 335, 149, 322, 149, 343, 153, 314, 154, 352, 180, 307, 180, 365, 186, 306, 182, 353, 180, 0, 0, 348, 264, 314, 265, 361, 316, 301, 317, 355, 367, 315, 369],squad_infrontofcamera
61,2021-03-04 08:12:39.060191,[329, 173, 335, 167, 323, 167, 344, 170, 315, 171, 355, 197, 308, 197, 361, 210, 304, 204, 351, 202, 0, 0, 350, 274, 315, 275, 364, 320, 302, 323, 355, 368, 317, 370],squad_infrontofcamera
62,2021-03-04 08:12:39.327197,[330, 179, 337, 173, 323, 172, 346, 177, 314, 178, 355, 203, 308, 205, 362, 217, 306, 214, 346, 215, 317, 211, 349, 278, 314, 279, 363, 321, 302, 326, 354, 368, 317, 370],squad_infrontofcamera
63,2021-03-04 08:12:39.615325,[329, 174, 336, 168, 322, 169, 343, 172, 314, 171, 353, 198, 307, 199, 363, 210, 306, 209, 347, 204, 305, 204, 349, 274, 314, 275, 362, 320, 302, 323, 354, 368, 317, 370],squad_infrontofcamera
64,2021-03-04 08:12:39.861090,[328, 152, 335, 146, 321, 146, 343, 151, 313, 152, 353, 179, 305, 178, 361, 188, 302, 183, 350, 182, 304, 180, 348, 260, 313, 262, 358, 312, 305, 315, 356, 368, 315, 369],squad_infrontofcamera
65,2021-03-04 08:12:40.128640,[326, 132, 333, 126, 319, 126, 342, 131, 313, 132, 352, 157, 305, 158, 357, 164, 305, 160, 340, 162, 319, 158, 349, 245, 314, 246, 356, 304, 308, 307, 356, 368, 316, 367],squad_infrontofcamera
66,2021-03-04 08:12:40.414681,[326, 121, 330, 113, 319, 115, 342, 117, 312, 121, 354, 146, 305, 145, 347, 160, 301, 154, 335, 153, 312, 147, 348, 236, 312, 238, 358, 301, 309, 302, 356, 366, 316, 366],squad_infrontofcamera
67,2021-03-04 08:12:40.693102,[326, 119, 332, 112, 318, 112, 342, 116, 311, 117, 354, 146, 305, 145, 0, 0, 302, 154, 332, 144, 311, 141, 348, 234, 313, 236, 358, 303, 310, 304, 357, 367, 316, 365],squad_infrontofcamera
68,2021-03-04 08:12:40.959786,[326, 126, 332, 119, 319, 120, 341, 122, 312, 123, 351, 149, 304, 150, 361, 158, 304, 161, 344, 153, 312, 152, 346, 238, 312, 240, 359, 300, 306, 299, 356, 365, 316, 365],squad_infrontofcamera
69,2021-03-04 08:12:41.250320,[327, 145, 332, 139, 321, 140, 340, 142, 313, 142, 349, 170, 304, 171, 363, 175, 299, 174, 345, 171, 309, 168, 347, 253, 313, 254, 358, 310, 304, 313, 356, 368, 316, 368],squad_infrontofcamera
70,2021-03-04 08:12:41.527973,[327, 169, 333, 162, 321, 163, 343, 166, 313, 168, 353, 195, 305, 194, 359, 205, 302, 198, 0, 0, 306, 195, 347, 272, 312, 274, 361, 319, 302, 323, 354, 367, 317, 371],squad_infrontofcamera
71,2021-03-04 08:12:41.794225,[328, 179, 335, 173, 321, 173, 344, 177, 313, 177, 354, 201, 305, 203, 364, 216, 304, 215, 346, 214, 315, 210, 347, 279, 312, 279, 361, 320, 301, 326, 353, 368, 317, 370],squad_infrontofcamera
72,2021-03-04 08:12:42.060032,[328, 176, 334, 170, 321, 170, 342, 173, 314, 173, 353, 197, 306, 198, 364, 213, 305, 214, 345, 209, 305, 209, 347, 274, 314, 275, 361, 319, 302, 324, 354, 368, 317, 370],squad_infrontofcamera
73,2021-03-04 08:12:42.326364,[326, 157, 333, 151, 320, 151, 342, 154, 313, 154, 351, 181, 305, 180, 366, 193, 304, 190, 349, 188, 0, 0, 347, 263, 312, 264, 358, 313, 304, 316, 356, 367, 315, 369],squad_infrontofcamera
74,2021-03-04 08:12:42.591783,[327, 138, 333, 130, 321, 132, 343, 136, 313, 137, 352, 162, 306, 163, 363, 172, 303, 167, 347, 167, 314, 163, 348, 248, 313, 249, 356, 306, 307, 312, 356, 368, 316, 368],squad_infrontofcamera
75,2021-03-04 08:12:42.858424,[328, 123, 333, 116, 321, 117, 343, 120, 313, 121, 354, 149, 306, 145, 354, 159, 300, 157, 332, 151, 312, 149, 348, 239, 313, 239, 359, 304, 308, 304, 356, 367, 317, 366],squad_infrontofcamera
76,2021-03-04 08:12:43.126661,[329, 118, 335, 112, 322, 113, 344, 116, 313, 118, 354, 145, 306, 143, 362, 144, 303, 146, 341, 138, 314, 135, 348, 234, 313, 236, 358, 302, 310, 305, 356, 366, 315, 365],squad_infrontofcamera
77,2021-03-04 08:12:43.393325,[330, 121, 335, 114, 322, 115, 345, 118, 314, 120, 356, 146, 308, 144, 0, 0, 301, 151, 330, 141, 313, 139, 349, 237, 314, 238, 360, 302, 309, 302, 356, 366, 316, 365],squad_infrontofcamera
78,2021-03-04 08:12:43.693486,[329, 136, 335, 129, 322, 130, 345, 133, 315, 135, 356, 161, 308, 162, 360, 166, 299, 171, 340, 161, 311, 160, 350, 248, 314, 248, 362, 309, 308, 309, 355, 367, 317, 369],squad_infrontofcamera
79,2021-03-04 08:12:43.959673,[329, 154, 336, 147, 322, 148, 344, 152, 314, 153, 356, 178, 306, 179, 365, 184, 302, 184, 347, 181, 315, 180, 349, 263, 315, 264, 360, 317, 304, 318, 355, 367, 316, 369],squad_infrontofcamera
80,2021-03-04 08:12:44.226263,[329, 171, 336, 165, 323, 165, 345, 169, 315, 170, 355, 196, 306, 194, 361, 207, 304, 208, 347, 204, 309, 203, 349, 271, 314, 274, 362, 319, 303, 323, 354, 368, 316, 370],squad_infrontofcamera
81,2021-03-04 08:12:44.526208,[328, 178, 335, 172, 322, 173, 345, 177, 314, 176, 356, 202, 305, 201, 359, 221, 302, 218, 344, 218, 312, 217, 348, 276, 314, 278, 362, 321, 303, 326, 354, 369, 317, 371],squad_infrontofcamera
82,2021-03-04 08:12:44.793080,[329, 172, 335, 165, 322, 166, 344, 169, 314, 169, 356, 194, 305, 195, 363, 215, 305, 214, 345, 210, 314, 209, 348, 271, 313, 273, 360, 319, 303, 324, 355, 368, 317, 370],squad_infrontofcamera
83,2021-03-04 08:12:45.058796,[327, 154, 333, 146, 320, 148, 343, 151, 313, 152, 354, 179, 305, 179, 364, 193, 305, 191, 348, 189, 303, 186, 348, 262, 313, 263, 358, 313, 305, 316, 356, 368, 315, 369],squad_infrontofcamera
84,2021-03-04 08:12:45.360327,[326, 132, 332, 126, 319, 126, 342, 131, 313, 132, 351, 157, 305, 158, 361, 166, 306, 162, 345, 163, 319, 158, 349, 247, 313, 247, 356, 304, 308, 309, 356, 368, 317, 368],squad_infrontofcamera
85,2021-03-04 08:12:45.626304,[326, 122, 330, 114, 319, 115, 342, 119, 312, 120, 355, 148, 303, 146, 350, 160, 302, 155, 331, 150, 310, 148, 348, 237, 313, 238, 359, 303, 308, 303, 356, 367, 317, 366],squad_infrontofcamera
86,2021-03-04 08:12:45.893370,[327, 118, 333, 112, 320, 112, 343, 116, 313, 116, 355, 146, 305, 144, 361, 152, 298, 149, 336, 144, 310, 139, 348, 234, 313, 236, 358, 301, 310, 303, 357, 366, 316, 365],squad_infrontofcamera
87,2021-03-04 08:12:46.193414,[328, 125, 334, 118, 321, 119, 343, 123, 313, 124, 353, 152, 305, 152, 363, 158, 304, 152, 347, 153, 312, 147, 348, 239, 313, 240, 360, 303, 308, 304, 356, 367, 317, 368],squad_infrontofcamera
88,2021-03-04 08:12:46.460051,[328, 144, 334, 138, 321, 138, 341, 142, 313, 143, 352, 172, 306, 172, 362, 178, 302, 174, 344, 172, 312, 168, 349, 254, 314, 255, 359, 314, 306, 314, 355, 367, 317, 368],squad_infrontofcamera
89,2021-03-04 08:12:46.726738,[328, 165, 335, 159, 321, 159, 345, 164, 314, 165, 352, 190, 305, 190, 363, 200, 309, 193, 345, 193, 324, 191, 348, 271, 314, 272, 362, 319, 303, 324, 354, 368, 317, 370],squad_infrontofcamera
90,2021-03-04 08:12:46.993561,[329, 178, 336, 172, 322, 172, 344, 176, 314, 176, 354, 202, 307, 203, 363, 217, 304, 215, 345, 214, 313, 209, 349, 277, 314, 279, 361, 321, 303, 328, 353, 369, 317, 371],squad_infrontofcamera
91,2021-03-04 08:12:47.260412,[328, 176, 335, 170, 321, 170, 343, 173, 314, 172, 354, 196, 306, 198, 362, 216, 306, 215, 345, 211, 312, 210, 348, 273, 314, 274, 360, 319, 304, 325, 354, 368, 317, 370],squad_infrontofcamera
92,2021-03-04 08:12:47.549459,[327, 157, 333, 151, 321, 151, 342, 156, 313, 155, 352, 181, 305, 181, 360, 197, 306, 197, 347, 192, 320, 191, 348, 264, 313, 266, 358, 313, 306, 316, 356, 367, 316, 369],squad_infrontofcamera
93,2021-03-04 08:12:47.825558,[326, 135, 332, 128, 319, 128, 342, 133, 313, 133, 352, 161, 302, 161, 357, 170, 302, 163, 346, 165, 316, 162, 348, 246, 313, 247, 356, 304, 308, 307, 356, 368, 317, 368],squad_infrontofcamera
94,2021-03-04 08:12:48.092722,[327, 121, 331, 114, 320, 115, 342, 118, 312, 120, 355, 148, 305, 147, 0, 0, 300, 148, 326, 142, 312, 142, 348, 237, 313, 238, 359, 302, 309, 303, 356, 367, 316, 365],squad_infrontofcamera
95,2021-03-04 08:12:48.358615,[329, 118, 335, 112, 321, 111, 343, 116, 313, 118, 352, 145, 305, 145, 0, 0, 298, 145, 0, 0, 310, 133, 348, 234, 313, 236, 357, 303, 311, 304, 357, 366, 316, 365],squad_infrontofcamera
96,2021-03-04 08:12:48.625237,[328, 122, 332, 114, 321, 116, 343, 117, 313, 120, 356, 146, 304, 146, 358, 150, 298, 147, 332, 143, 310, 139, 348, 237, 313, 239, 358, 302, 309, 302, 356, 366, 316, 365],squad_infrontofcamera
97,2021-03-04 08:12:48.891579,[327, 133, 333, 126, 320, 127, 343, 132, 313, 133, 354, 159, 304, 161, 361, 162, 301, 159, 341, 158, 311, 155, 348, 246, 314, 247, 360, 307, 307, 307, 355, 367, 318, 368],squad_infrontofcamera
98,2021-03-04 08:12:49.158622,[325, 151, 330, 144, 319, 145, 342, 149, 313, 151, 351, 176, 305, 177, 357, 186, 305, 176, 341, 181, 316, 177, 348, 262, 314, 263, 359, 317, 304, 319, 355, 368, 317, 369],squad_infrontofcamera
99,2021-03-04 08:12:49.426141,[325, 170, 330, 162, 319, 163, 343, 167, 312, 167, 355, 194, 304, 193, 356, 210, 304, 210, 339, 205, 311, 204, 348, 272, 313, 275, 361, 319, 303, 325, 354, 368, 317, 371],squad_infrontofcamera
100,2021-03-04 08:12:49.693044,[326, 175, 332, 168, 320, 169, 341, 171, 312, 172, 354, 194, 304, 197, 363, 212, 300, 222, 343, 213, 315, 217, 347, 272, 314, 275, 360, 319, 305, 327, 354, 369, 318, 371],squad_infrontofcamera
101,2021-03-04 08:12:49.958321,[325, 163, 331, 157, 318, 157, 341, 160, 312, 162, 355, 187, 305, 188, 361, 203, 303, 207, 342, 200, 311, 199, 348, 268, 314, 270, 358, 318, 304, 322, 355, 368, 317, 370],squad_infrontofcamera
102,2021-03-04 08:12:50.224843,[325, 143, 331, 137, 318, 138, 340, 142, 311, 141, 352, 170, 304, 168, 361, 184, 301, 182, 344, 176, 310, 175, 349, 252, 313, 254, 356, 308, 309, 313, 356, 367, 317, 369],squad_infrontofcamera
103,2021-03-04 08:12:50.491688,[325, 126, 331, 119, 319, 120, 341, 123, 311, 124, 351, 152, 305, 153, 356, 165, 302, 161, 342, 158, 315, 154, 349, 240, 314, 243, 359, 304, 310, 305, 356, 368, 317, 366],squad_infrontofcamera
104,2021-03-04 08:12:50.759053,[326, 120, 331, 112, 319, 113, 342, 116, 312, 117, 354, 145, 305, 144, 358, 147, 300, 149, 333, 143, 312, 140, 348, 236, 314, 237, 358, 302, 310, 306, 356, 365, 317, 365],squad_infrontofcamera
105,2021-03-04 08:12:51.024697,[327, 119, 333, 112, 320, 113, 343, 115, 312, 117, 354, 145, 305, 142, 0, 0, 299, 148, 329, 139, 313, 138, 348, 235, 314, 237, 358, 304, 311, 305, 343, 367, 317, 365],squad_infrontofcamera
106,2021-03-04 08:12:51.291349,[326, 122, 331, 114, 319, 115, 343, 118, 312, 120, 356, 147, 306, 144, 357, 156, 299, 153, 336, 148, 312, 144, 348, 236, 314, 238, 359, 301, 309, 303, 357, 366, 316, 365],squad_infrontofcamera
107,2021-03-04 08:12:51.558109,[325, 140, 331, 133, 319, 134, 342, 137, 312, 138, 352, 163, 305, 162, 362, 174, 301, 172, 343, 167, 312, 165, 349, 249, 314, 250, 359, 309, 306, 313, 355, 367, 315, 367],squad_infrontofcamera
108,2021-03-04 08:12:51.826448,[326, 161, 331, 155, 319, 155, 341, 158, 312, 159, 354, 185, 304, 185, 361, 196, 302, 196, 344, 191, 0, 0, 348, 267, 313, 269, 361, 319, 303, 322, 355, 368, 317, 370],squad_infrontofcamera
109,2021-03-04 08:12:52.091968,[326, 173, 331, 166, 320, 166, 342, 169, 312, 170, 355, 195, 305, 196, 364, 213, 303, 216, 343, 209, 307, 211, 349, 275, 313, 277, 361, 320, 303, 327, 353, 368, 317, 371],squad_infrontofcamera
110,2021-03-04 08:12:52.358576,[327, 173, 332, 166, 321, 166, 342, 170, 313, 170, 356, 194, 305, 196, 364, 211, 301, 215, 341, 210, 309, 210, 349, 274, 313, 277, 360, 320, 303, 327, 353, 368, 317, 372],squad_infrontofcamera
111,2021-03-04 08:12:52.624066,[326, 163, 332, 157, 318, 157, 342, 160, 312, 161, 355, 186, 305, 186, 360, 200, 300, 204, 341, 197, 307, 198, 348, 268, 313, 269, 358, 318, 303, 322, 355, 368, 317, 371],squad_infrontofcamera
112,2021-03-04 08:12:52.890244,[326, 144, 332, 138, 319, 138, 341, 141, 312, 142, 353, 169, 305, 169, 362, 180, 301, 179, 344, 175, 314, 174, 349, 253, 314, 254, 357, 310, 306, 313, 356, 368, 315, 369],squad_infrontofcamera
113,2021-03-04 08:12:53.157189,[326, 125, 333, 118, 320, 119, 342, 123, 313, 123, 353, 151, 305, 151, 366, 160, 303, 161, 343, 156, 312, 152, 349, 240, 312, 242, 360, 304, 307, 304, 355, 367, 317, 366],squad_infrontofcamera
114,2021-03-04 08:12:53.424238,[327, 119, 333, 112, 320, 112, 343, 116, 313, 117, 355, 146, 305, 144, 361, 151, 300, 151, 338, 145, 314, 140, 348, 235, 313, 236, 358, 301, 309, 303, 356, 365, 316, 365],squad_infrontofcamera
115,2021-03-04 08:12:53.690213,[327, 119, 333, 112, 320, 112, 343, 116, 313, 118, 355, 146, 305, 145, 359, 150, 301, 150, 333, 143, 314, 138, 348, 235, 314, 237, 359, 301, 309, 303, 356, 366, 316, 365],squad_infrontofcamera
116,2021-03-04 08:12:53.956815,[327, 130, 333, 123, 320, 123, 341, 127, 312, 128, 350, 155, 304, 154, 359, 158, 301, 159, 339, 153, 314, 149, 349, 243, 313, 245, 361, 303, 306, 306, 356, 366, 314, 366],squad_infrontofcamera
117,2021-03-04 08:12:54.224025,[325, 151, 331, 145, 319, 146, 341, 149, 312, 150, 352, 174, 304, 175, 360, 184, 305, 179, 344, 179, 317, 177, 348, 260, 313, 262, 359, 313, 302, 316, 355, 368, 315, 370],squad_infrontofcamera
118,2021-03-04 08:12:54.490521,[327, 172, 333, 165, 322, 166, 343, 169, 314, 170, 355, 195, 307, 195, 362, 206, 306, 206, 345, 202, 310, 202, 347, 273, 312, 275, 363, 319, 300, 323, 354, 368, 316, 370],squad_infrontofcamera
119,2021-03-04 08:12:54.758212,[328, 177, 336, 173, 323, 173, 345, 176, 314, 176, 358, 202, 305, 202, 360, 217, 303, 221, 342, 215, 315, 216, 348, 277, 313, 278, 360, 321, 300, 325, 354, 369, 317, 371],squad_infrontofcamera
120,2021-03-04 08:12:55.023803,[329, 176, 335, 170, 322, 170, 344, 173, 315, 173, 357, 198, 307, 199, 359, 214, 303, 218, 338, 212, 314, 213, 348, 273, 315, 274, 361, 320, 301, 322, 354, 368, 317, 371],squad_infrontofcamera
121,2021-03-04 08:12:55.290607,[328, 161, 334, 155, 321, 155, 343, 158, 314, 158, 354, 183, 306, 184, 357, 198, 303, 198, 341, 192, 303, 193, 348, 266, 313, 266, 360, 316, 303, 316, 355, 368, 315, 369],squad_infrontofcamera
122,2021-03-04 08:12:55.557173,[327, 136, 333, 129, 320, 130, 343, 135, 313, 135, 353, 162, 304, 162, 360, 171, 303, 165, 345, 166, 317, 163, 348, 248, 314, 249, 357, 305, 307, 309, 356, 367, 316, 368],squad_infrontofcamera
123,2021-03-04 08:12:55.823835,[327, 121, 333, 114, 320, 114, 342, 118, 313, 119, 356, 146, 305, 145, 0, 0, 299, 153, 0, 0, 309, 146, 348, 237, 313, 239, 359, 303, 309, 303, 356, 366, 316, 365],squad_infrontofcamera
124,2021-03-04 08:12:56.091958,[327, 118, 334, 112, 321, 113, 342, 116, 312, 117, 353, 146, 305, 142, 353, 158, 298, 145, 0, 0, 313, 132, 347, 235, 314, 237, 358, 304, 310, 307, 356, 365, 316, 365],squad_infrontofcamera
125,2021-03-04 08:12:56.356933,[328, 122, 333, 114, 321, 116, 343, 118, 313, 121, 356, 148, 306, 144, 0, 0, 300, 150, 0, 0, 313, 137, 349, 236, 313, 237, 359, 304, 309, 305, 356, 365, 316, 365],squad_infrontofcamera
126,2021-03-04 08:12:56.623580,[328, 134, 335, 128, 320, 126, 343, 131, 314, 132, 355, 159, 305, 161, 0, 0, 302, 163, 0, 0, 310, 155, 349, 245, 315, 247, 362, 306, 306, 307, 355, 366, 315, 367],squad_infrontofcamera
127,2021-03-04 08:12:56.890109,[327, 154, 333, 146, 320, 148, 343, 151, 313, 153, 354, 179, 306, 178, 361, 190, 302, 184, 347, 185, 312, 180, 350, 262, 315, 264, 360, 316, 303, 317, 355, 368, 315, 369],squad_infrontofcamera
128,2021-03-04 08:12:57.156672,[328, 168, 334, 162, 321, 163, 344, 166, 314, 168, 356, 193, 305, 193, 359, 206, 306, 208, 345, 201, 308, 203, 351, 272, 316, 272, 363, 320, 303, 323, 354, 368, 316, 370],squad_infrontofcamera
129,2021-03-04 08:12:57.424411,[328, 173, 335, 166, 322, 167, 344, 169, 315, 170, 358, 194, 306, 196, 362, 213, 305, 215, 341, 211, 320, 211, 350, 271, 315, 273, 361, 320, 303, 323, 354, 369, 317, 370],squad_infrontofcamera
130,2021-03-04 08:12:57.693800,[329, 160, 335, 154, 321, 154, 343, 156, 315, 157, 356, 183, 307, 183, 357, 199, 304, 199, 336, 193, 308, 193, 349, 266, 314, 266, 359, 315, 305, 317, 356, 368, 316, 369],squad_infrontofcamera
131,2021-03-04 08:12:57.961110,[330, 136, 337, 129, 323, 129, 346, 133, 316, 134, 357, 160, 306, 160, 363, 173, 306, 174, 348, 170, 316, 167, 350, 247, 316, 247, 356, 304, 310, 307, 356, 367, 317, 367],squad_infrontofcamera
132,2021-03-04 08:12:58.224358,[327, 121, 333, 114, 320, 115, 343, 118, 313, 121, 356, 145, 304, 147, 361, 153, 302, 159, 347, 151, 318, 148, 348, 235, 313, 236, 361, 301, 301, 297, 355, 366, 298, 360],squad_infrontofcamera
133,2021-03-04 08:12:58.491602,[310, 123, 314, 116, 303, 117, 326, 120, 297, 121, 337, 148, 289, 146, 343, 155, 288, 157, 324, 147, 296, 146, 331, 236, 296, 237, 346, 302, 289, 306, 352, 364, 293, 365],squad_infrontofcamera
134,2021-03-04 08:12:58.758330,[303, 134, 308, 127, 296, 127, 319, 129, 289, 131, 330, 159, 285, 159, 333, 164, 273, 167, 312, 160, 286, 156, 327, 246, 291, 246, 338, 312, 282, 307, 334, 370, 291, 366],squad_infrontofcamera
135,2021-03-04 08:12:59.024445,[301, 155, 307, 148, 295, 149, 319, 154, 288, 153, 330, 179, 283, 179, 338, 185, 276, 187, 324, 175, 282, 176, 326, 265, 289, 264, 335, 319, 276, 319, 334, 370, 291, 369],squad_infrontofcamera
136,2021-03-04 08:12:59.290748,[299, 170, 306, 164, 293, 165, 317, 169, 286, 170, 327, 193, 279, 195, 332, 199, 278, 207, 313, 196, 287, 199, 325, 277, 289, 276, 337, 323, 275, 326, 334, 370, 291, 370],squad_infrontofcamera
137,2021-03-04 08:12:59.559489,[297, 175, 304, 171, 291, 171, 315, 173, 285, 174, 329, 197, 278, 200, 326, 215, 273, 220, 303, 216, 285, 216, 325, 280, 288, 278, 337, 324, 276, 327, 333, 370, 291, 370],squad_infrontofcamera
138,2021-03-04 08:12:59.824019,[298, 170, 305, 164, 292, 164, 315, 167, 285, 168, 328, 193, 279, 194, 325, 208, 276, 211, 301, 206, 282, 206, 326, 275, 288, 275, 336, 322, 275, 325, 334, 370, 291, 370],squad_infrontofcamera
139,2021-03-04 08:13:00.091371,[299, 152, 305, 146, 292, 146, 316, 148, 285, 149, 329, 173, 279, 174, 321, 189, 276, 192, 303, 187, 283, 185, 325, 258, 288, 258, 333, 312, 279, 315, 334, 370, 291, 370],squad_infrontofcamera
140,2021-03-04 08:13:00.357294,[300, 128, 306, 121, 294, 122, 317, 126, 287, 127, 329, 152, 282, 154, 334, 161, 278, 162, 313, 157, 293, 155, 326, 243, 289, 242, 336, 305, 284, 305, 334, 368, 293, 365],squad_infrontofcamera
141,2021-03-04 08:13:00.623886,[301, 121, 307, 114, 295, 115, 319, 120, 287, 120, 329, 147, 284, 145, 0, 0, 273, 151, 300, 139, 281, 138, 326, 237, 289, 238, 336, 301, 286, 306, 336, 365, 292, 364],squad_infrontofcamera
142,2021-03-04 08:13:00.895375,[302, 119, 308, 113, 296, 113, 319, 119, 288, 119, 329, 145, 285, 146, 333, 153, 270, 154, 304, 140, 280, 140, 326, 236, 290, 238, 337, 303, 287, 307, 336, 365, 293, 364],squad_infrontofcamera
143,2021-03-04 08:13:01.157065,[300, 120, 306, 114, 294, 114, 318, 120, 287, 119, 328, 147, 284, 146, 332, 155, 272, 153, 308, 145, 281, 141, 327, 236, 291, 238, 337, 303, 286, 306, 336, 366, 292, 364],squad_infrontofcamera
144,2021-03-04 08:13:01.424676,[300, 132, 305, 125, 293, 126, 316, 129, 287, 131, 329, 154, 281, 157, 333, 167, 273, 169, 310, 161, 289, 158, 326, 245, 289, 244, 336, 305, 282, 306, 335, 368, 292, 367],squad_infrontofcamera
145,2021-03-04 08:13:01.692018,[300, 156, 306, 151, 293, 150, 316, 154, 286, 155, 328, 179, 279, 181, 332, 188, 280, 195, 314, 183, 285, 185, 325, 267, 288, 265, 335, 319, 275, 318, 334, 370, 292, 369],squad_infrontofcamera
146,2021-03-04 08:13:01.956993,[298, 174, 305, 169, 292, 169, 315, 171, 285, 171, 329, 196, 277, 197, 327, 215, 274, 217, 306, 216, 289, 217, 324, 278, 288, 276, 336, 321, 274, 326, 334, 369, 291, 370],squad_infrontofcamera
147,2021-03-04 08:13:02.223398,[298, 174, 304, 170, 292, 170, 315, 172, 285, 173, 329, 198, 278, 197, 325, 219, 274, 220, 306, 220, 287, 221, 325, 278, 289, 276, 336, 323, 274, 327, 333, 370, 291, 370],squad_infrontofcamera
148,2021-03-04 08:13:02.490519,[299, 168, 305, 162, 293, 161, 316, 164, 285, 164, 330, 189, 279, 190, 320, 213, 277, 213, 300, 207, 286, 206, 325, 272, 289, 270, 335, 320, 276, 321, 334, 370, 291, 371],squad_infrontofcamera
149,2021-03-04 08:13:02.757554,[298, 143, 305, 138, 292, 138, 316, 142, 286, 142, 329, 167, 279, 169, 322, 182, 275, 187, 299, 179, 281, 179, 325, 252, 287, 251, 333, 309, 281, 311, 333, 369, 291, 368],squad_infrontofcamera
150,2021-03-04 08:13:03.023564,[300, 123, 306, 117, 294, 118, 316, 123, 287, 124, 328, 148, 279, 150, 332, 157, 271, 159, 307, 153, 283, 154, 325, 240, 288, 241, 336, 301, 285, 304, 335, 367, 294, 365],squad_infrontofcamera
151,2021-03-04 08:13:03.289837,[301, 122, 307, 115, 295, 116, 319, 121, 287, 121, 329, 147, 286, 145, 0, 0, 270, 153, 299, 138, 278, 137, 326, 237, 289, 238, 336, 303, 286, 305, 335, 367, 293, 364],squad_infrontofcamera
152,2021-03-04 08:13:03.557053,[303, 123, 308, 116, 296, 117, 320, 122, 289, 122, 331, 148, 288, 144, 332, 154, 274, 154, 308, 141, 283, 139, 328, 238, 293, 239, 338, 306, 286, 305, 335, 367, 292, 365],squad_infrontofcamera
153,2021-03-04 08:13:03.823226,[304, 133, 310, 126, 298, 127, 320, 131, 290, 132, 331, 158, 286, 160, 339, 165, 274, 165, 317, 157, 286, 152, 329, 245, 292, 245, 339, 307, 283, 305, 335, 367, 291, 367],squad_infrontofcamera
154,2021-03-04 08:13:04.090726,[300, 152, 307, 146, 294, 146, 319, 150, 288, 151, 331, 176, 280, 176, 332, 188, 280, 188, 312, 181, 289, 181, 328, 259, 291, 260, 337, 315, 279, 316, 334, 369, 291, 369],squad_infrontofcamera
155,2021-03-04 08:13:04.356792,[300, 168, 305, 162, 293, 162, 316, 165, 286, 165, 331, 190, 280, 192, 324, 210, 279, 212, 304, 205, 285, 205, 326, 272, 291, 271, 337, 320, 276, 322, 333, 369, 291, 370],squad_infrontofcamera
156,2021-03-04 08:13:04.623435,[298, 172, 304, 166, 292, 167, 315, 169, 285, 170, 328, 193, 278, 194, 322, 215, 274, 215, 300, 215, 282, 214, 326, 277, 290, 275, 336, 322, 275, 325, 333, 369, 291, 370],squad_infrontofcamera
157,2021-03-04 08:13:04.889840,[297, 162, 304, 157, 291, 157, 315, 160, 284, 162, 329, 186, 278, 187, 321, 202, 273, 207, 300, 201, 281, 202, 324, 271, 288, 268, 335, 319, 276, 321, 333, 369, 291, 370],squad_infrontofcamera
158,2021-03-04 08:13:05.157210,[298, 141, 303, 135, 292, 135, 315, 138, 285, 140, 327, 164, 278, 166, 333, 173, 278, 180, 314, 169, 0, 0, 325, 251, 287, 250, 334, 309, 281, 310, 333, 368, 291, 368],squad_infrontofcamera
159,2021-03-04 08:13:05.423885,[299, 124, 304, 117, 293, 119, 314, 123, 286, 124, 327, 148, 280, 150, 334, 154, 268, 155, 316, 146, 276, 148, 325, 242, 287, 243, 337, 303, 284, 304, 335, 367, 293, 364],squad_infrontofcamera
160,2021-03-04 08:13:05.689833,[300, 120, 305, 113, 294, 114, 316, 118, 286, 121, 327, 143, 281, 144, 336, 148, 271, 152, 303, 136, 277, 138, 324, 236, 288, 238, 336, 303, 286, 307, 335, 366, 292, 365],squad_infrontofcamera
161,2021-03-04 08:13:05.958423,[301, 120, 306, 113, 295, 114, 318, 118, 287, 119, 329, 143, 286, 144, 330, 151, 271, 155, 294, 139, 275, 141, 327, 237, 290, 238, 337, 303, 287, 308, 336, 366, 293, 364],squad_infrontofcamera
162,2021-03-04 08:13:06.223267,[300, 120, 306, 114, 294, 114, 318, 119, 287, 119, 329, 145, 286, 146, 324, 154, 273, 155, 299, 146, 277, 147, 326, 238, 290, 239, 337, 304, 286, 307, 335, 367, 292, 365],squad_infrontofcamera
163,2021-03-04 08:13:06.490279,[298, 127, 304, 123, 292, 123, 314, 126, 285, 127, 327, 150, 279, 152, 332, 162, 273, 169, 310, 160, 283, 160, 324, 242, 288, 240, 336, 304, 282, 305, 335, 366, 292, 365],squad_infrontofcamera
164,2021-03-04 08:13:06.756805,[297, 159, 303, 152, 291, 154, 312, 156, 284, 157, 327, 182, 278, 183, 333, 189, 274, 200, 0, 0, 0, 0, 324, 268, 287, 266, 336, 320, 275, 321, 334, 369, 291, 368],squad_infrontofcamera
165,2021-03-04 08:13:07.022647,[297, 175, 304, 169, 291, 170, 314, 171, 284, 172, 330, 197, 278, 197, 324, 218, 275, 219, 303, 217, 290, 217, 325, 278, 289, 277, 334, 323, 275, 328, 332, 369, 291, 369],squad_infrontofcamera
166,2021-03-04 08:13:07.289919,[299, 172, 305, 165, 293, 166, 315, 168, 285, 170, 330, 194, 278, 194, 321, 218, 276, 219, 300, 217, 285, 217, 326, 276, 290, 275, 335, 322, 277, 325, 332, 370, 291, 370],squad_infrontofcamera
167,2021-03-04 08:13:07.555800,[299, 155, 305, 148, 293, 149, 316, 152, 286, 153, 331, 179, 280, 180, 320, 201, 275, 198, 295, 193, 282, 193, 325, 264, 289, 264, 333, 317, 277, 316, 333, 370, 291, 370],squad_infrontofcamera
168,2021-03-04 08:13:07.822594,[299, 133, 305, 126, 293, 126, 316, 131, 286, 131, 330, 156, 278, 158, 328, 170, 271, 172, 304, 168, 285, 164, 326, 246, 289, 246, 335, 306, 283, 307, 334, 367, 292, 367],squad_infrontofcamera
169,2021-03-04 08:13:08.089808,[298, 122, 304, 114, 292, 116, 315, 120, 285, 122, 326, 146, 282, 147, 329, 151, 268, 155, 301, 144, 278, 144, 325, 237, 287, 239, 336, 302, 285, 306, 336, 366, 292, 364],squad_infrontofcamera
170,2021-03-04 08:13:08.355825,[299, 120, 304, 114, 293, 114, 315, 118, 286, 121, 327, 145, 282, 146, 332, 153, 270, 156, 300, 138, 275, 141, 325, 237, 287, 239, 336, 303, 285, 308, 336, 367, 293, 364],squad_infrontofcamera
171,2021-03-04 08:13:08.622466,[297, 127, 304, 121, 291, 122, 314, 126, 285, 127, 326, 152, 281, 156, 330, 155, 278, 157, 307, 149, 284, 151, 325, 245, 288, 245, 337, 305, 282, 306, 335, 368, 292, 367],squad_infrontofcamera
172,2021-03-04 08:13:08.892911,[299, 149, 304, 142, 292, 143, 315, 146, 286, 147, 328, 170, 282, 174, 326, 180, 278, 189, 302, 178, 282, 176, 326, 258, 288, 257, 336, 316, 277, 315, 334, 369, 292, 369],squad_infrontofcamera
173,2021-03-04 08:13:09.189201,[297, 171, 303, 163, 291, 164, 315, 166, 285, 168, 328, 192, 278, 193, 321, 207, 274, 209, 300, 204, 280, 203, 326, 277, 288, 275, 337, 320, 274, 325, 333, 369, 291, 370],squad_infrontofcamera
174,2021-03-04 08:13:09.465876,[296, 175, 303, 171, 291, 171, 314, 172, 285, 173, 329, 197, 278, 198, 324, 218, 274, 220, 303, 218, 282, 219, 327, 278, 291, 277, 337, 319, 276, 325, 334, 370, 291, 371],squad_infrontofcamera
175,2021-03-04 08:13:09.769061,[298, 158, 304, 153, 292, 153, 314, 156, 286, 156, 329, 182, 279, 182, 321, 199, 272, 200, 298, 195, 280, 196, 327, 264, 291, 264, 336, 315, 278, 315, 333, 369, 291, 370],squad_infrontofcamera
176,2021-03-04 08:13:10.055476,[298, 135, 305, 129, 293, 129, 316, 132, 286, 134, 329, 157, 279, 159, 324, 170, 269, 173, 301, 166, 282, 165, 328, 246, 291, 246, 338, 308, 285, 307, 333, 369, 292, 367],squad_infrontofcamera
177,2021-03-04 08:13:10.322531,[299, 121, 306, 115, 294, 115, 317, 121, 287, 122, 327, 147, 284, 148, 333, 154, 271, 157, 306, 148, 277, 150, 327, 238, 290, 240, 336, 302, 286, 304, 335, 367, 293, 365],squad_infrontofcamera
178,2021-03-04 08:13:10.616405,[301, 118, 307, 112, 295, 112, 318, 118, 287, 118, 329, 143, 287, 144, 334, 152, 271, 156, 307, 138, 277, 139, 327, 237, 290, 238, 336, 303, 288, 307, 336, 366, 294, 364],squad_infrontofcamera
179,2021-03-04 08:13:10.887742,[301, 120, 307, 113, 295, 114, 319, 118, 288, 120, 330, 144, 285, 146, 331, 152, 271, 154, 303, 138, 278, 139, 327, 238, 291, 238, 337, 304, 287, 308, 335, 367, 293, 364],squad_infrontofcamera
180,2021-03-04 08:13:11.156170,[300, 123, 306, 116, 294, 117, 318, 122, 288, 122, 329, 147, 283, 148, 332, 155, 271, 160, 304, 154, 280, 155, 327, 240, 290, 240, 337, 304, 285, 305, 335, 367, 293, 365],squad_infrontofcamera
181,2021-03-04 08:13:11.421458,[299, 140, 306, 134, 293, 134, 317, 138, 286, 139, 329, 164, 280, 166, 327, 176, 275, 180, 303, 173, 281, 173, 326, 254, 288, 252, 336, 314, 279, 314, 333, 370, 292, 369],squad_infrontofcamera
182,2021-03-04 08:13:11.687681,[298, 157, 304, 151, 293, 152, 315, 154, 285, 156, 330, 180, 279, 181, 321, 201, 277, 201, 301, 199, 284, 198, 326, 267, 289, 266, 336, 320, 276, 320, 334, 369, 292, 369],squad_infrontofcamera
183,2021-03-04 08:13:11.954011,[299, 164, 306, 158, 294, 158, 316, 162, 285, 162, 330, 188, 278, 189, 317, 213, 278, 216, 299, 210, 288, 210, 325, 274, 289, 273, 336, 321, 275, 325, 334, 370, 292, 369],squad_infrontofcamera
184,2021-03-04 08:13:12.220845,[300, 158, 306, 153, 293, 154, 317, 156, 286, 158, 330, 182, 279, 184, 322, 204, 275, 205, 301, 203, 284, 204, 326, 272, 288, 269, 335, 321, 276, 324, 334, 369, 292, 370],squad_infrontofcamera
185,2021-03-04 08:13:12.487553,[299, 140, 306, 134, 293, 134, 317, 138, 286, 139, 329, 166, 280, 167, 323, 181, 276, 184, 301, 178, 280, 178, 327, 255, 288, 253, 334, 313, 279, 314, 334, 369, 292, 370],squad_infrontofcamera
186,2021-03-04 08:13:12.755000,[301, 122, 306, 116, 294, 116, 316, 122, 287, 122, 327, 148, 280, 148, 331, 157, 271, 159, 300, 153, 279, 154, 326, 243, 288, 244, 337, 305, 283, 304, 335, 368, 294, 365],squad_infrontofcamera
187,2021-03-04 08:13:13.020229,[301, 117, 306, 110, 295, 111, 318, 114, 288, 117, 330, 142, 287, 143, 333, 150, 271, 156, 287, 134, 275, 136, 326, 237, 289, 238, 336, 303, 288, 308, 336, 366, 294, 364],squad_infrontofcamera
188,2021-03-04 08:13:13.287528,[302, 119, 308, 112, 297, 112, 321, 115, 290, 117, 331, 142, 288, 142, 334, 151, 273, 153, 293, 129, 279, 131, 327, 237, 292, 239, 337, 304, 289, 309, 336, 365, 294, 364],squad_infrontofcamera
189,2021-03-04 08:13:13.554029,[304, 123, 310, 116, 297, 117, 321, 122, 290, 121, 331, 148, 288, 146, 334, 153, 274, 158, 300, 143, 277, 147, 328, 238, 292, 239, 339, 306, 285, 304, 335, 366, 292, 365],squad_infrontofcamera
190,2021-03-04 08:13:13.821014,[303, 145, 308, 139, 296, 139, 318, 143, 289, 142, 331, 170, 282, 172, 331, 179, 272, 182, 297, 174, 278, 175, 328, 255, 288, 255, 338, 316, 278, 315, 334, 369, 292, 369],squad_infrontofcamera
191,2021-03-04 08:13:14.088027,[299, 169, 305, 163, 293, 162, 316, 165, 286, 166, 329, 190, 278, 191, 320, 208, 274, 209, 304, 204, 284, 202, 327, 276, 289, 274, 338, 320, 273, 323, 333, 370, 291, 371],squad_infrontofcamera
192,2021-03-04 08:13:14.354081,[298, 175, 305, 170, 292, 171, 315, 172, 285, 173, 329, 197, 278, 198, 321, 219, 272, 221, 304, 220, 280, 221, 325, 278, 290, 276, 337, 320, 273, 324, 334, 369, 291, 370],squad_infrontofcamera
193,2021-03-04 08:13:14.621403,[298, 168, 304, 162, 292, 162, 315, 165, 285, 166, 330, 190, 279, 192, 319, 214, 271, 215, 300, 211, 278, 214, 326, 273, 291, 271, 337, 319, 275, 319, 334, 369, 291, 371],squad_infrontofcamera
194,2021-03-04 08:13:14.886901,[298, 148, 303, 142, 292, 142, 315, 145, 285, 146, 329, 172, 280, 173, 315, 188, 269, 191, 296, 184, 284, 184, 326, 255, 290, 255, 337, 310, 279, 311, 333, 369, 290, 369],squad_infrontofcamera
195,2021-03-04 08:13:15.153266,[299, 125, 305, 118, 293, 119, 316, 123, 286, 124, 329, 149, 280, 151, 325, 160, 283, 162, 302, 156, 285, 155, 328, 240, 290, 242, 338, 304, 286, 304, 334, 367, 293, 365],squad_infrontofcamera
196,2021-03-04 08:13:15.420960,[300, 120, 306, 114, 295, 115, 319, 120, 289, 123, 329, 144, 290, 144, 331, 150, 280, 150, 298, 137, 276, 140, 327, 236, 290, 237, 336, 303, 288, 307, 336, 366, 294, 364],squad_infrontofcamera
197,2021-03-04 08:13:15.686617,[299, 120, 306, 114, 295, 114, 320, 118, 0, 0, 331, 143, 291, 144, 0, 0, 279, 153, 281, 137, 275, 139, 327, 235, 292, 236, 336, 303, 289, 308, 336, 365, 294, 363],squad_infrontofcamera
198,2021-03-04 08:13:15.953365,[300, 123, 306, 117, 295, 117, 319, 122, 288, 123, 330, 148, 289, 146, 0, 0, 275, 156, 296, 140, 275, 144, 328, 238, 291, 239, 337, 304, 286, 306, 335, 367, 292, 364],squad_infrontofcamera
199,2021-03-04 08:13:16.220167,[301, 141, 307, 135, 294, 135, 317, 140, 288, 140, 328, 165, 281, 166, 332, 169, 276, 170, 302, 164, 281, 166, 327, 252, 289, 251, 336, 313, 279, 311, 333, 369, 291, 369],squad_infrontofcamera
200,2021-03-04 08:13:16.487469,[298, 164, 304, 158, 292, 158, 315, 162, 285, 163, 328, 186, 278, 189, 321, 196, 269, 201, 298, 195, 281, 195, 325, 270, 289, 269, 336, 318, 276, 318, 334, 369, 291, 370],squad_infrontofcamera
201,2021-03-04 08:13:16.755640,[296, 175, 303, 171, 291, 171, 314, 173, 285, 174, 329, 198, 278, 200, 321, 216, 263, 216, 300, 217, 276, 218, 326, 277, 290, 276, 336, 319, 273, 323, 333, 369, 291, 371],squad_infrontofcamera
202,2021-03-04 08:13:17.020659,[296, 174, 304, 169, 291, 169, 314, 172, 285, 172, 329, 198, 279, 198, 322, 216, 266, 218, 301, 216, 275, 218, 325, 276, 290, 275, 336, 319, 274, 322, 333, 370, 291, 371],squad_infrontofcamera
203,2021-03-04 08:13:17.286906,[298, 157, 303, 151, 292, 151, 315, 155, 285, 155, 329, 181, 280, 183, 317, 199, 270, 199, 293, 193, 276, 195, 325, 264, 289, 264, 336, 316, 277, 315, 334, 369, 291, 369],squad_infrontofcamera
204,2021-03-04 08:13:17.553788,[300, 133, 305, 126, 292, 127, 316, 131, 286, 132, 329, 156, 281, 160, 327, 169, 277, 174, 305, 165, 285, 162, 327, 246, 290, 246, 335, 307, 283, 306, 334, 369, 292, 367],squad_infrontofcamera
205,2021-03-04 08:13:17.820363,[301, 120, 306, 113, 295, 114, 318, 119, 287, 122, 329, 145, 286, 146, 332, 152, 273, 153, 307, 137, 275, 139, 326, 238, 289, 239, 337, 302, 286, 306, 335, 367, 293, 365],squad_infrontofcamera
206,2021-03-04 08:13:18.088005,[301, 121, 307, 114, 295, 115, 320, 118, 289, 121, 331, 144, 288, 145, 331, 148, 273, 152, 283, 133, 275, 136, 326, 236, 290, 238, 336, 303, 289, 308, 336, 365, 294, 364],squad_infrontofcamera
207,2021-03-04 08:13:18.352382,[300, 121, 306, 114, 295, 115, 319, 119, 288, 121, 330, 144, 289, 144, 331, 150, 273, 155, 290, 138, 275, 140, 327, 236, 290, 237, 336, 302, 288, 308, 336, 366, 293, 364],squad_infrontofcamera
208,2021-03-04 08:13:18.619119,[299, 121, 306, 115, 293, 115, 317, 120, 287, 120, 327, 147, 283, 147, 327, 153, 272, 154, 303, 145, 277, 146, 325, 238, 288, 239, 335, 301, 285, 307, 335, 366, 293, 365],squad_infrontofcamera
209,2021-03-04 08:13:18.885922,[299, 141, 304, 134, 293, 135, 315, 139, 286, 139, 327, 164, 279, 167, 336, 171, 274, 179, 301, 169, 279, 172, 325, 252, 287, 251, 334, 312, 279, 311, 334, 369, 291, 367],squad_infrontofcamera
210,2021-03-04 08:13:19.152327,[298, 166, 305, 160, 293, 160, 316, 162, 286, 163, 329, 188, 280, 189, 317, 202, 270, 205, 300, 200, 282, 200, 326, 273, 289, 270, 336, 319, 275, 320, 333, 369, 291, 370],squad_infrontofcamera
211,2021-03-04 08:13:19.419584,[299, 175, 305, 170, 292, 171, 316, 172, 286, 174, 330, 198, 280, 199, 320, 223, 274, 223, 304, 221, 278, 223, 326, 278, 291, 276, 336, 321, 274, 324, 333, 370, 291, 370],squad_infrontofcamera
212,2021-03-04 08:13:19.685634,[299, 172, 306, 165, 293, 166, 317, 168, 286, 169, 331, 195, 280, 195, 322, 220, 273, 221, 305, 219, 278, 222, 327, 274, 292, 272, 335, 319, 275, 322, 333, 369, 290, 371],squad_infrontofcamera
213,2021-03-04 08:13:19.952110,[300, 152, 306, 146, 294, 146, 318, 150, 287, 149, 332, 177, 280, 176, 321, 198, 271, 198, 0, 0, 278, 195, 326, 260, 290, 260, 335, 314, 278, 314, 333, 369, 291, 369],squad_infrontofcamera
214,2021-03-04 08:13:20.218750,[300, 130, 306, 124, 294, 123, 317, 127, 287, 127, 330, 153, 282, 155, 327, 164, 276, 167, 305, 161, 288, 158, 327, 244, 290, 243, 337, 306, 284, 305, 334, 368, 293, 366],squad_infrontofcamera
215,2021-03-04 08:13:20.485441,[301, 120, 306, 114, 295, 115, 319, 119, 288, 120, 329, 144, 287, 144, 332, 151, 270, 156, 300, 137, 273, 140, 325, 237, 289, 238, 336, 303, 286, 307, 336, 367, 293, 365],squad_infrontofcamera
216,2021-03-04 08:13:20.718046,[299, 119, 305, 112, 294, 114, 319, 118, 288, 121, 330, 143, 288, 145, 335, 153, 272, 154, 299, 135, 275, 135, 325, 236, 290, 238, 336, 303, 289, 307, 336, 364, 294, 364],squad_infrontofcamera
217,2021-03-04 08:13:20.985815,[301, 120, 306, 114, 295, 115, 319, 119, 289, 121, 329, 143, 289, 144, 331, 154, 273, 156, 305, 137, 277, 138, 325, 236, 288, 238, 335, 303, 288, 309, 335, 366, 294, 364],squad_infrontofcamera
218,2021-03-04 08:13:21.252600,[300, 119, 306, 114, 294, 113, 317, 119, 287, 119, 327, 146, 284, 147, 329, 152, 272, 151, 304, 144, 277, 144, 325, 238, 288, 240, 335, 302, 286, 308, 335, 366, 293, 365],squad_infrontofcamera
219,2021-03-04 08:13:21.520601,[297, 126, 303, 121, 291, 122, 313, 126, 286, 125, 324, 151, 278, 152, 331, 159, 280, 163, 305, 155, 284, 156, 324, 242, 288, 240, 335, 304, 282, 304, 335, 367, 292, 367],squad_infrontofcamera
220,2021-03-04 08:13:21.786941,[298, 159, 304, 155, 292, 155, 314, 159, 285, 157, 324, 184, 279, 185, 331, 193, 279, 200, 312, 188, 283, 191, 325, 268, 287, 266, 334, 321, 273, 323, 333, 370, 291, 369],squad_infrontofcamera
221,2021-03-04 08:13:22.053449,[298, 176, 304, 171, 292, 171, 315, 173, 285, 174, 330, 197, 279, 201, 322, 216, 270, 219, 300, 217, 279, 217, 326, 279, 291, 277, 333, 322, 273, 325, 332, 370, 291, 369],squad_infrontofcamera
222,2021-03-04 08:13:22.322179,[299, 171, 306, 164, 293, 165, 317, 167, 286, 168, 331, 194, 280, 195, 321, 216, 271, 215, 300, 214, 281, 215, 326, 275, 291, 273, 333, 320, 274, 322, 332, 370, 291, 370],squad_infrontofcamera
223,2021-03-04 08:13:22.585963,[299, 152, 305, 146, 293, 146, 317, 148, 286, 149, 330, 175, 280, 176, 0, 0, 267, 192, 296, 187, 280, 187, 326, 260, 289, 260, 333, 314, 277, 313, 333, 370, 291, 369],squad_infrontofcamera
224,2021-03-04 08:13:22.854502,[298, 128, 305, 123, 293, 123, 316, 126, 286, 127, 329, 153, 279, 154, 324, 163, 276, 167, 298, 161, 283, 160, 328, 245, 290, 245, 336, 305, 283, 305, 334, 368, 293, 366],squad_infrontofcamera
225,2021-03-04 08:13:23.119884,[301, 120, 306, 113, 295, 114, 319, 119, 288, 119, 328, 144, 286, 146, 333, 151, 274, 151, 309, 138, 276, 139, 326, 237, 290, 239, 336, 302, 287, 307, 336, 366, 293, 365],squad_infrontofcamera
226,2021-03-04 08:13:23.389720,[302, 118, 306, 112, 295, 113, 315, 118, 287, 119, 327, 142, 284, 144, 336, 152, 273, 156, 307, 138, 279, 140, 326, 236, 292, 238, 336, 303, 290, 307, 336, 365, 295, 364],squad_infrontofcamera
227,2021-03-04 08:13:23.684403,[300, 117, 305, 112, 295, 112, 316, 118, 287, 119, 327, 142, 285, 144, 334, 153, 273, 159, 302, 138, 277, 140, 326, 237, 291, 239, 335, 303, 290, 307, 336, 364, 294, 365],squad_infrontofcamera
228,2021-03-04 08:13:23.950496,[300, 118, 305, 113, 294, 113, 316, 119, 286, 123, 327, 143, 286, 147, 333, 153, 274, 157, 303, 140, 276, 143, 324, 235, 289, 238, 335, 304, 289, 307, 335, 364, 294, 364],squad_infrontofcamera
229,2021-03-04 08:13:24.223268,[298, 118, 304, 112, 292, 113, 315, 118, 286, 120, 327, 146, 284, 147, 330, 153, 269, 157, 291, 140, 279, 142, 324, 235, 287, 239, 334, 302, 289, 306, 336, 363, 295, 364],squad_infrontofcamera
230,2021-03-04 08:13:24.483714,[295, 118, 301, 112, 288, 113, 312, 116, 282, 120, 329, 151, 274, 155, 341, 196, 264, 192, 333, 221, 258, 214, 323, 244, 287, 244, 333, 304, 288, 308, 335, 365, 294, 365],squad_infrontofcamera
231,2021-03-04 08:13:24.751008,[293, 118, 299, 112, 286, 113, 309, 116, 279, 120, 328, 149, 272, 154, 342, 189, 264, 196, 355, 231, 258, 236, 324, 243, 288, 244, 331, 303, 288, 308, 335, 366, 294, 364],squad_infrontofcamera
232,2021-03-04 08:13:25.017018,[294, 119, 299, 112, 287, 114, 311, 117, 280, 120, 329, 149, 272, 154, 341, 188, 265, 196, 343, 227, 261, 231, 323, 240, 288, 242, 331, 305, 289, 308, 335, 365, 294, 365],squad_infrontofcamera
233,2021-03-04 08:13:25.283682,[297, 120, 303, 114, 291, 115, 313, 118, 284, 121, 330, 149, 275, 153, 341, 183, 268, 186, 330, 212, 270, 213, 322, 242, 288, 241, 332, 302, 289, 307, 335, 365, 294, 365],squad_infrontofcamera
234,2021-03-04 08:13:25.550091,[301, 120, 307, 114, 296, 114, 318, 119, 288, 118, 332, 149, 281, 151, 332, 175, 264, 178, 312, 170, 272, 164, 324, 243, 289, 241, 335, 304, 289, 308, 335, 364, 294, 364],squad_infrontofcamera
